10:22:09 0.00 0.00 0.00
10:22:09 0.00 0.00 0.00
10:22:09 0.00 0.00 0.00
10:22:09 0.00 0.00 0.00
10:22:09 0.00 0.00 0.00
10:22:09 0.00 0.00 0.00
10:22:09 0.00 0.00 0.00
10:22:09 0.00 0.00 0.00
10:22:09 0.00 0.00 0.00
10:22:09 0.00 0.00 0.00
10:22:09 0.00 0.00 0.00
10:22:09 0.00 0.00 0.00
10:22:09 0.00 0.00 0.00
10:22:10 0.00 0.00 0.00
10:22:10 0.00 0.00 0.00
10:22:10 0.00 0.00 0.00
10:22:10 0.00 0.00 0.00
10:22:10 0.00 0.00 0.00
10:22:10 0.00 0.00 0.00
10:22:10 0.00 0.00 0.00
10:22:10 0.00 0.00 0.00
10:22:10 0.00 0.00 0.00
10:22:10 0.00 0.00 0.00
10:22:10 0.00 0.00 0.00
10:22:10 0.00 0.00 0.00
10:22:10 0.00 0.00 0.00
10:22:10 0.00 0.00 0.00
10:22:10 0.00 0.00 0.00
10:22:10 0.00 0.00 0.00
10:22:10 0.00 0.00 0.00
10:22:10 0.00 0.00 0.00
10:22:10 0.00 0.00 0.00
10:22:10 0.00 0.00 0.00
10:22:10 0.00 0.00 0.00
10:22:10 0.00 0.00 0.00
10:22:10 0.00 0.00 0.00
10:22:10 0.00 0.00 0.00
10:22:10 0.00 0.00 0.00
10:22:10 0.00 0.00 0.00
10:22:10 0.00 0.00 0.00
10:22:10 0.00 0.00 0.00
10:22:10 0.00 0.00 0.00
10:22:10 0.00 0.00 0.00
10:22:10 0.00 0.00 0.00
10:22:10 0.00 0.00 0.00
10:22:10 0.00 0.00 0.00
10:22:10 0.00 0.00 0.00
10:22:10 0.00 0.00 0.00
10:22:10 0.00 0.00 0.00
10:22:10 0.00 0.00 0.00
10:22:10 0.00 0.00 0.00
10:22:10 0.00 0.00 0.00
10:22:10 0.00 0.00 0.00
10:22:10 0.00 0.00 0.00
10:22:10 0.00 0.00 0.00
10:22:10 0.00 0.00 0.00
10:22:10 0.00 0.00 0.00
10:22:10 0.00 0.00 0.00
10:22:10 0.00 0.00 0.00
10:22:10 0.00 0.00 0.00
10:22:10 0.00 0.00 0.00
10:22:10 0.00 0.00 0.00
10:22:10 0.00 0.00 0.00
10:22:11 0.00 0.00 0.00
10:22:11 0.00 0.00 0.00
10:22:11 0.00 0.00 0.00
10:22:11 0.00 0.00 0.00
10:22:11 0.00 0.00 0.00
10:22:11 0.00 0.00 0.00
10:22:11 0.00 0.00 0.00
10:22:11 0.00 0.00 0.00
10:22:11 0.00 0.00 0.00
10:22:11 4.00 0.00 0.00
10:22:11 4.00 0.00 0.00
10:22:11 4.00 0.00 0.00
10:22:11 4.00 0.00 0.00
10:22:11 8.00 0.00 0.00
10:22:11 8.00 0.00 0.00
10:22:11 8.00 0.00 0.38
10:22:11 12.00 1.06 0.38
10:22:11 12.00 0.71 0.38
10:22:11 12.00 0.47 0.77
10:22:11 16.00 1.38 0.77
10:22:11 16.00 0.92 1.15
10:22:11 16.00 1.68 2.31
10:22:11 20.00 4.30 4.23
10:22:11 20.00 8.17 6.92
10:22:11 20.00 12.88 8.85
10:22:11 24.00 13.91 10.77
10:22:11 24.00 14.61 12.69
10:22:11 24.00 15.08 15.00
10:22:11 24.00 16.45 17.31
10:22:11 28.00 17.37 19.23
10:22:11 28.00 16.92 21.92
10:22:11 28.00 18.74 24.62
10:22:11 32.00 19.96 27.31
10:22:11 32.00 20.78 30.38
10:22:11 32.00 22.38 33.46
10:22:11 36.00 23.46 36.54
10:22:11 36.00 24.18 40.00
10:22:11 36.00 25.72 43.08
10:22:11 40.00 25.69 46.54
10:22:11 40.00 26.73 50.00
10:22:11 40.00 27.43 53.85
10:22:11 44.00 28.96 58.08
10:22:11 44.00 31.03 61.92
10:22:11 44.00 31.37 66.15
10:22:11 48.00 32.65 70.00
10:22:11 48.00 32.45 74.23
10:22:11 48.00 33.38 78.08
10:22:11 52.00 32.94 82.31
10:22:11 52.00 33.70 86.54
10:22:11 52.00 34.22 91.54
10:22:12 56.00 36.68 96.54
10:22:12 56.00 38.32 101.54
10:22:12 56.00 39.43 106.54
10:22:12 60.00 40.17 111.92
10:22:12 60.00 41.72 117.31
10:22:12 60.00 42.76 123.46
10:22:12 60.00 45.57 130.00
10:22:12 64.00 48.51 136.54
10:22:12 64.00 50.49 143.46
10:22:12 64.00 52.86 150.77
10:22:12 68.00 55.51 157.69
10:22:12 68.00 56.23 165.00
10:22:12 68.00 57.77 172.31
10:22:12 72.00 58.80 179.62
10:22:12 72.00 59.49 -173.08
10:22:12 72.00 59.96 -165.38
10:22:12 76.00 61.33 -157.69
10:22:12 76.00 62.24 -149.62
10:22:12 76.00 63.91 -141.54
10:22:12 80.00 65.03 -133.85
10:22:12 80.00 64.73 -126.15
10:22:12 80.00 64.52 -118.46
10:22:12 84.00 64.38 -110.38
10:22:12 84.00 65.35 -102.31
10:22:12 84.00 65.99 -93.85
10:22:12 88.00 67.49 -85.00
10:22:12 88.00 69.54 -75.38
10:22:12 88.00 73.04 -65.38
10:22:12 92.00 76.43 -55.38
10:22:12 92.00 78.71 -45.38
10:22:12 92.00 80.24 -35.38
10:22:12 92.00 81.26 -25.00
10:22:12 96.00 83.00 -15.00
10:22:12 96.00 83.11 -5.00
10:22:12 96.00 83.18 5.77
10:22:12 100.00 85.35 15.77
10:22:12 100.00 84.68 25.77
10:22:12 100.00 84.24 36.15
10:22:12 104.00 85.00 46.54
10:22:12 104.00 85.51 57.31
10:22:12 104.00 86.90 68.85
10:22:12 108.00 89.96 80.77
10:22:12 108.00 93.06 92.69
10:22:12 108.00 95.14 105.38
10:22:12 112.00 98.65 117.69
10:22:12 112.00 99.94 130.00
10:22:12 112.00 100.81 142.69
10:22:12 116.00 102.44 155.00
10:22:12 116.00 102.48 167.31
10:22:12 116.00 102.51 179.23
10:22:13 120.00 101.47 -168.85
10:22:13 120.00 100.77 -156.54
10:22:13 120.00 101.36 -143.85
10:22:13 124.00 102.82 -130.38
10:22:13 124.00 105.91 -116.15
10:22:13 124.00 110.09 -101.92
10:22:13 128.00 112.90 -87.69
10:22:13 128.00 114.78 -73.46
10:22:13 128.00 116.03 -59.23
10:22:13 132.00 116.88 -45.00
10:22:13 132.00 117.44 -31.15
10:22:13 132.00 116.76 -17.31
10:22:13 132.00 116.31 -3.46
10:22:13 136.00 116.00 11.15
10:22:13 136.00 117.91 26.15
10:22:13 136.00 120.25 41.92
10:22:13 140.00 123.93 58.08
10:22:13 140.00 127.46 73.85
10:22:13 140.00 128.76 90.00
10:22:13 144.00 130.69 105.77
10:22:13 144.00 130.93 121.15
10:22:13 144.00 130.03 136.54
10:22:13 148.00 129.43 151.92
10:22:13 148.00 129.02 168.46
10:22:13 148.00 131.93 -174.62
10:22:13 152.00 134.93 -157.31
10:22:13 152.00 138.00 -140.00
10:22:13 152.00 140.06 -122.69
10:22:13 156.00 141.43 -105.38
10:22:13 156.00 142.36 -88.85
10:22:13 156.00 140.86 -71.92
10:22:13 160.00 140.91 -55.00
10:22:13 160.00 140.95 -37.69
10:22:13 160.00 142.03 -19.62
10:22:13 160.00 144.87 -0.77
10:22:13 164.00 148.89 18.08
10:22:13 164.00 151.58 36.54
10:22:13 164.00 152.33 55.38
10:22:13 168.00 153.89 73.46
10:22:13 168.00 152.82 91.54
10:22:13 168.00 152.10 110.00
10:22:13 172.00 152.68 129.23
10:22:13 172.00 155.18 149.23
10:22:13 172.00 158.97 169.23
10:22:13 176.00 161.51 -170.77
10:22:13 176.00 163.21 -150.77
10:22:13 176.00 164.35 -131.54
10:22:13 180.00 163.00 -111.92
10:22:13 180.00 163.15 -91.92
10:22:13 180.00 164.31 -71.54
10:22:14 184.00 166.15 -50.38
10:22:14 184.00 169.49 -29.23
10:22:14 184.00 171.73 -7.69
10:22:14 188.00 174.29 12.69
10:22:14 188.00 172.83 33.08
10:22:14 188.00 171.86 54.23
10:22:14 192.00 173.32 75.77
10:22:14 192.00 175.35 97.69
10:22:14 192.00 177.77 119.62
10:22:14 196.00 179.40 141.92
10:22:14 196.00 181.54 163.85
10:22:14 196.00 181.92 -174.62
10:22:14 196.00 181.12 -152.69
10:22:14 200.00 181.64 -130.00
10:22:14 200.00 184.10 -106.92
10:22:14 200.00 186.81 -83.46
10:22:14 200.00 189.68 -60.38
10:22:14 200.00 190.55 -37.69
10:22:14 200.00 190.07 -15.38
10:22:14 200.00 188.69 7.31
10:22:14 200.00 188.83 30.77
10:22:14 200.00 191.03 54.23
10:22:14 200.00 192.51 77.31
10:22:14 200.00 192.44 100.38
10:22:14 200.00 192.40 123.08
10:22:14 200.00 191.31 145.77
10:22:14 200.00 190.58 169.23
10:22:14 200.00 192.21 -166.92
10:22:14 200.00 194.36 -143.08
10:22:14 200.00 195.80 -119.62
10:22:14 200.00 195.70 -96.92
10:22:14 200.00 193.52 -73.85
10:22:14 200.00 193.12 -50.77
10:22:14 200.00 192.85 -26.92
10:22:14 200.00 194.79 -3.08
10:22:14 200.00 196.09 20.77
10:22:14 200.00 196.95 44.23
10:22:14 200.00 196.48 67.31
10:22:14 200.00 195.10 90.38
10:22:14 200.00 194.18 114.23
10:22:14 200.00 195.68 138.08
10:22:14 200.00 196.68 162.31
10:22:14 200.00 198.41 -174.23
10:22:14 200.00 197.45 -151.15
10:22:14 200.00 195.76 -127.69
10:22:14 200.00 195.68 -103.85
10:22:14 200.00 196.68 -80.00
10:22:14 200.00 197.35 -55.77
10:22:14 200.00 198.86 -31.92
10:22:14 200.00 198.81 -8.46
10:22:15 200.00 197.72 14.62
10:22:15 200.00 195.94 38.46
10:22:15 200.00 196.85 62.31
10:22:15 200.00 197.47 86.54
10:22:15 200.00 198.94 110.77
10:22:15 200.00 199.92 134.62
10:22:15 200.00 199.53 157.69
10:22:15 200.00 197.14 -178.46
10:22:15 200.00 197.66 -154.62
10:22:15 200.00 198.01 -130.38
10:22:15 200.00 199.30 -106.15
10:22:15 200.00 200.17 -81.92
10:22:15 200.00 200.75 -58.46
10:22:15 200.00 199.02 -35.00
10:22:15 200.00 197.86 -10.77
10:22:15 200.00 199.20 13.46
10:22:15 200.00 200.10 37.69
10:22:15 200.00 200.70 61.92
10:22:15 200.00 201.10 85.77
10:22:15 200.00 200.32 109.62
10:22:15 200.00 199.79 133.46
10:22:15 200.00 199.44 157.69
10:22:15 200.00 200.26 -178.08
10:22:15 200.00 200.81 -153.46
10:22:15 200.00 202.23 -130.00
10:22:15 200.00 200.02 -106.15
10:22:15 200.00 199.59 -82.31
10:22:15 200.00 199.30 -58.46
10:22:15 200.00 199.11 -34.23
10:22:15 200.00 200.04 -10.00
10:22:15 200.00 200.66 13.46
10:22:15 200.00 198.96 36.92
10:22:15 200.00 197.82 60.77
10:22:15 200.00 198.12 85.00
10:22:15 200.00 199.37 109.23
10:22:15 200.00 200.22 133.85
10:22:15 200.00 201.84 158.08
10:22:15 200.00 201.87 -178.08
10:22:15 200.00 200.83 -154.23
10:22:15 200.00 200.13 -130.38
10:22:15 200.00 199.66 -106.15
10:22:15 200.00 200.41 -81.92
10:22:15 200.00 200.91 -57.69
10:22:15 200.00 201.24 -34.23
10:22:15 200.00 199.35 -10.38
10:22:15 200.00 199.14 13.46
10:22:15 200.00 199.00 37.69
10:22:15 200.00 199.97 61.92
10:22:15 200.00 200.61 86.15
10:22:15 200.00 201.04 110.00
10:22:16 200.00 200.28 133.46
10:22:16 200.00 198.70 157.31
10:22:16 200.00 198.71 -178.85
10:22:16 200.00 198.71 -154.23
10:22:16 200.00 200.83 -130.00
10:22:16 200.00 201.19 -106.15
10:22:16 200.00 200.37 -82.31
10:22:16 200.00 199.83 -58.46
10:22:16 200.00 199.46 -34.23
10:22:16 200.00 200.27 -10.00
10:22:16 200.00 200.82 14.23
10:22:16 200.00 201.18 38.46
10:22:16 200.00 201.43 61.92
10:22:16 200.00 199.48 85.77
10:22:16 200.00 199.23 110.00
10:22:16 200.00 200.12 134.23
10:22:16 200.00 200.71 158.46
10:22:16 200.00 201.11 -177.69
10:22:16 200.00 200.32 -153.85
10:22:16 200.00 199.79 -130.38
10:22:16 200.00 198.38 -106.54
10:22:16 200.00 198.49 -82.31
10:22:16 200.00 199.62 -58.08
10:22:16 200.00 200.38 -33.46
10:22:16 200.00 201.95 -10.00
10:22:16 200.00 199.82 13.85
10:22:16 200.00 199.46 37.69
10:22:16 200.00 199.21 61.54
10:22:16 200.00 199.05 85.77
10:22:16 200.00 200.00 110.00
10:22:16 200.00 200.63 133.85
10:22:16 200.00 200.00 157.31
10:22:16 200.00 198.52 -179.23
10:22:16 200.00 197.53 -155.00
10:22:16 200.00 198.98 -130.77
10:22:16 200.00 199.95 -106.54
10:22:16 200.00 200.60 -82.69
10:22:16 200.00 199.98 -58.85
10:22:16 200.00 199.56 -35.38
10:22:16 200.00 198.23 -11.15
10:22:16 200.00 199.45 13.08
10:22:16 200.00 200.26 37.31
10:22:16 200.00 200.81 61.92
10:22:16 200.00 202.24 85.77
10:22:16 200.00 201.07 109.23
10:22:16 200.00 199.24 133.46
10:22:16 200.00 200.13 157.69
10:22:16 200.00 200.72 -177.69
10:22:16 200.00 202.17 -153.46
10:22:16 200.00 202.09 -129.62
10:22:17 200.00 200.98 -105.77
10:22:17 200.00 200.23 -81.92
10:22:17 200.00 199.73 -57.69
10:22:17 200.00 200.46 -33.46
10:22:17 200.00 200.94 -9.23
10:22:17 200.00 201.26 14.23
10:22:17 200.00 199.37 37.69
10:22:17 200.00 198.09 61.54
10:22:17 200.00 198.30 85.77
10:22:17 200.00 199.50 110.00
10:22:17 200.00 200.30 134.23
10:22:17 200.00 200.83 158.46
10:22:17 200.00 201.19 -178.08
10:22:17 200.00 199.32 -154.23
10:22:17 200.00 199.12 -130.00
10:22:17 200.00 200.05 -105.77
10:22:17 200.00 200.66 -81.54
10:22:17 200.00 201.08 -57.31
10:22:17 200.00 201.36 -33.85
10:22:17 200.00 199.43 -10.38
10:22:17 200.00 198.14 13.46
10:22:17 200.00 198.33 37.69
10:22:17 200.00 199.51 61.92
10:22:17 200.00 200.31 86.54
10:22:17 200.00 201.90 110.38
10:22:17 200.00 200.85 133.85
10:22:17 200.00 199.09 157.69
10:22:17 200.00 198.97 -178.46
10:22:17 200.00 198.88 -154.23
10:22:17 200.00 199.89 -130.38
10:22:17 200.00 199.50 -106.54
10:22:17 200.00 199.24 -83.08
10:22:17 200.00 198.01 -59.23
10:22:17 200.00 198.24 -35.38
10:22:17 200.00 198.40 -11.15
10:22:17 200.00 199.56 13.08
10:22:17 200.00 200.34 37.31
10:22:17 200.00 200.86 60.77
10:22:17 200.00 199.10 84.62
10:22:17 200.00 198.97 108.46
10:22:17 200.00 198.89 132.69
10:22:17 200.00 199.89 156.92
10:22:17 200.00 200.56 -178.85
10:22:17 200.00 201.01 -155.00
10:22:17 200.00 200.25 -131.54
10:22:17 200.00 198.69 -107.31
10:22:17 200.00 199.76 -83.08
10:22:17 200.00 200.47 -58.85
10:22:17 200.00 200.95 -34.23
10:22:17 200.00 202.33 -10.38
10:22:18 200.00 201.14 13.46
10:22:18 200.00 200.34 37.31
10:22:18 200.00 199.80 61.54
10:22:18 200.00 200.50 86.15
10:22:18 200.00 202.03 110.38
10:22:18 200.00 201.99 134.23
10:22:18 200.00 200.91 158.08
10:22:18 200.00 200.19 -178.08
10:22:18 200.00 199.70 -154.23
10:22:18 200.00 199.38 -130.00
10:22:18 200.00 200.22 -105.77
10:22:18 200.00 200.78 -81.92
10:22:18 200.00 200.10 -58.08
10:22:18 200.00 199.64 -34.62
10:22:18 200.00 198.28 -10.77
10:22:18 200.00 198.42 13.46
10:22:18 200.00 199.58 37.69
10:22:18 200.00 200.35 61.92
10:22:18 200.00 200.87 85.77
10:22:18 200.00 200.16 109.62
10:22:18 200.00 199.68 133.85
10:22:18 200.00 200.42 158.08
10:22:18 200.00 200.92 -177.31
10:22:18 200.00 202.31 -153.08
10:22:18 200.00 202.18 -129.23
10:22:18 200.00 201.04 -105.77
10:22:18 200.00 199.21 -81.92
10:22:18 200.00 199.05 -57.69
10:22:18 200.00 200.00 -33.08
10:22:18 200.00 201.69 -8.85
10:22:18 200.00 201.77 15.00
10:22:18 200.00 200.76 38.46
10:22:18 200.00 199.03 61.92
10:22:18 200.00 197.87 86.15
10:22:18 200.00 199.21 110.38
10:22:18 200.00 200.10 134.23
10:22:18 200.00 199.65 158.46
10:22:18 200.00 200.40 -178.08
10:22:18 200.00 198.79 -154.23
10:22:18 200.00 198.76 -130.38
10:22:18 200.00 198.75 -105.77
10:22:18 200.00 200.85 -81.15
10:22:18 200.00 202.26 -56.92
10:22:18 200.00 202.15 -33.08
10:22:18 200.00 201.02 -9.23
10:22:18 200.00 200.26 15.00
10:22:18 200.00 200.81 39.23
10:22:18 200.00 201.18 63.85
10:22:18 200.00 202.48 88.08
10:22:18 200.00 202.30 111.92
10:22:19 200.00 201.12 135.77
10:22:19 200.00 200.32 159.62
10:22:19 200.00 199.79 -176.15
10:22:19 200.00 200.50 -151.92
10:22:19 200.00 200.97 -127.31
10:22:19 200.00 202.34 -103.46
10:22:19 200.00 201.15 -79.62
10:22:19 200.00 200.34 -55.77
10:22:19 200.00 199.81 -31.54
10:22:19 200.00 200.51 -7.31
10:22:19 200.00 200.97 17.31
10:22:19 200.00 202.34 41.15
10:22:19 200.00 201.15 65.00
10:22:19 200.00 200.35 88.85
10:22:19 200.00 199.81 112.69
10:22:19 200.00 199.45 136.92
10:22:19 200.00 200.27 161.54
10:22:19 200.00 201.87 -174.23
10:22:19 200.00 201.89 -150.77
10:22:19 200.00 199.78 -127.31
10:22:19 200.00 198.37 -103.46
10:22:19 200.00 198.49 -79.23
10:22:19 200.00 199.62 -55.00
10:22:19 200.00 200.38 -30.77
10:22:19 200.00 200.89 -6.92
10:22:19 200.00 200.17 16.54
10:22:19 200.00 198.64 40.38
10:22:19 200.00 198.66 64.62
10:22:19 200.00 199.74 89.23
10:22:19 200.00 201.52 113.46
10:22:19 200.00 201.65 137.69
10:22:19 200.00 201.74 161.15
10:22:19 200.00 199.69 -175.00
10:22:19 200.00 199.37 -150.77
10:22:19 200.00 200.21 -126.54
10:22:19 200.00 200.78 -102.31
10:22:19 200.00 201.15 -78.46
10:22:19 200.00 200.35 -55.00
10:22:19 200.00 198.75 -31.54
10:22:19 200.00 197.68 -7.69
10:22:19 200.00 198.03 16.92
10:22:19 200.00 200.37 41.15
10:22:19 200.00 200.88 65.38
10:22:19 200.00 201.23 89.23
10:22:19 200.00 200.40 113.08
10:22:19 200.00 199.84 137.31
10:22:19 200.00 200.53 161.54
10:22:19 200.00 200.99 -173.85
10:22:19 200.00 202.36 -149.62
10:22:19 200.00 202.21 -125.77
10:22:20 200.00 201.06 -102.31
10:22:20 200.00 199.23 -78.08
10:22:20 200.00 200.12 -53.85
10:22:20 200.00 200.71 -29.62
10:22:20 200.00 201.11 -5.38
10:22:20 200.00 201.38 18.85
10:22:20 200.00 201.56 42.31
10:22:20 200.00 199.56 66.15
10:22:20 200.00 199.28 90.38
10:22:20 200.00 200.16 114.62
10:22:20 200.00 200.74 138.85
10:22:20 200.00 201.13 162.69
10:22:20 200.00 200.33 -173.85
10:22:20 200.00 198.74 -150.00
10:22:20 200.00 198.73 -126.15
10:22:20 200.00 198.73 -101.92
10:22:20 200.00 199.78 -77.31
10:22:20 200.00 201.55 -53.46
10:22:20 200.00 200.61 -29.62
10:22:20 200.00 199.99 -5.77
10:22:20 200.00 199.57 18.08
10:22:20 200.00 199.29 41.92
10:22:20 200.00 199.10 66.15
10:22:20 200.00 200.03 90.38
10:22:20 200.00 200.66 113.85
10:22:20 200.00 198.96 137.31
10:22:20 200.00 197.82 161.15
10:22:20 200.00 198.12 -174.62
10:22:20 200.00 199.37 -150.00
10:22:20 200.00 201.27 -125.77
10:22:20 200.00 201.49 -101.54
10:22:20 200.00 201.63 -77.69
10:22:20 200.00 200.67 -53.85
10:22:20 200.00 200.03 -29.62
10:22:20 200.00 200.65 -5.38
10:22:20 200.00 201.07 18.85
10:22:20 0.00 201.35 23.85
10:22:20 0.00 200.48 37.69
10:22:20 0.00 172.40 39.23
10:22:20 0.00 119.74 38.08
10:22:20 0.00 77.05 39.23
10:22:20 0.00 54.80 42.69
10:22:20 0.00 46.23 48.85
10:22:20 0.00 47.90 56.92
10:22:20 0.00 54.30 65.38
10:22:20 0.00 59.65 73.85
10:22:20 0.00 63.24 81.54
10:22:20 0.00 63.52 88.08
10:22:20 0.00 60.54 93.46
10:22:20 0.00 55.37 98.46
10:22:21 0.00 50.85 103.08
10:22:21 0.00 46.76 107.69
10:22:21 0.00 44.02 112.31
10:22:21 0.00 42.19 116.54
10:22:21 0.00 39.90 121.15
10:22:21 0.00 39.43 125.38
10:22:21 0.00 38.05 129.23
10:22:21 0.00 36.07 132.69
10:22:21 0.00 33.69 136.15
10:22:21 0.00 32.09 139.62
10:22:21 0.00 31.02 142.69
10:22:21 0.00 29.24 145.77
10:22:21 0.00 28.06 148.46
10:22:21 0.00 26.20 150.38
10:22:21 0.00 22.84 152.31
10:22:21 0.00 20.59 154.62
10:22:21 0.00 20.14 156.54
10:22:21 0.00 18.78 158.46
10:22:21 0.00 17.87 160.38
10:22:21 0.00 17.26 1.54
10:22:21 0.00 15.80 3.08
10:22:21 0.00 14.82 4.23
10:22:21 0.00 13.10 5.38
10:22:21 0.00 11.95 6.54
10:22:21 0.00 11.18 7.69
10:22:21 0.00 10.66 9.23
10:22:21 0.00 11.38 11.54
10:22:21 0.00 13.97 13.08
10:22:21 0.00 13.59 14.62
10:22:21 0.00 13.34 15.38
10:22:21 0.00 11.05 16.54
10:22:21 0.00 10.58 17.31
10:22:21 0.00 9.20 17.69
10:22:21 0.00 7.22 17.69
10:22:21 0.00 4.84 18.08
10:22:21 0.00 4.30 18.46
10:22:21 0.00 3.94 19.62
10:22:21 0.00 5.81 20.77
10:22:21 0.00 7.07 21.54
10:22:21 0.00 6.85 22.31
10:22:21 0.00 6.71 22.69
10:22:21 0.00 5.55 22.69
10:22:21 0.00 3.72 22.69
10:22:21 0.00 2.49 22.69
10:22:21 0.00 1.67 22.69
10:22:21 0.00 1.12 22.69
10:22:21 0.00 0.75 22.69
10:22:21 0.00 0.50 22.69
10:22:21 0.00 0.34 22.69
10:22:21 0.00 0.23 22.69
10:22:22 0.00 0.15 22.69
10:22:22 0.00 0.10 22.69
10:22:22 0.00 0.07 22.69
10:22:22 0.00 0.05 22.69
10:22:22 0.00 0.03 22.69
10:22:22 0.00 0.02 22.69
10:22:22 0.00 0.01 22.69
10:22:22 0.00 0.01 22.69
10:22:22 0.00 0.01 22.69
10:22:22 0.00 0.00 22.69
10:22:22 0.00 0.00 22.69
10:22:22 0.00 0.00 22.69
10:22:22 0.00 0.00 22.69
10:22:22 0.00 0.00 22.69
10:22:22 0.00 0.00 22.69
10:22:22 0.00 0.00 22.69
10:22:22 0.00 0.00 22.69
10:22:22 0.00 0.00 22.69
10:22:22 0.00 0.00 22.69
10:22:22 0.00 0.00 22.69
10:22:22 0.00 0.00 22.69
10:22:22 0.00 0.00 22.69
10:22:22 0.00 0.00 22.69
10:22:22 0.00 0.00 22.69
10:22:22 0.00 0.00 22.69
10:22:22 0.00 0.00 22.69
10:22:22 0.00 0.00 22.69
10:22:22 0.00 0.00 22.69
10:22:22 0.00 0.00 0.00
10:22:22 0.00 0.00 0.00
10:22:22 0.00 0.00 0.00
10:22:22 0.00 0.00 0.00
10:22:22 0.00 0.00 0.00
10:22:22 0.00 0.00 0.00
10:22:22 0.00 0.00 0.00
10:22:22 0.00 0.00 0.00
10:22:22 0.00 0.00 0.00
10:22:22 0.00 0.00 0.00
10:22:22 0.00 0.00 0.00
10:22:22 0.00 0.00 0.00
10:22:22 0.00 0.00 0.00
10:22:22 0.00 0.00 0.00
10:22:22 0.00 0.00 0.00
10:22:22 0.00 0.00 0.00
10:22:22 0.00 0.00 0.00
10:22:22 0.00 0.00 0.00
10:22:22 0.00 0.00 0.00
10:22:22 0.00 0.00 0.00
10:22:22 0.00 0.00 0.00
10:22:22 0.00 0.00 0.00
10:22:23 0.00 0.00 0.00
10:22:23 0.00 0.00 0.00
10:22:23 0.00 0.00 0.00
10:22:23 0.00 0.00 0.00
10:22:23 0.00 0.00 0.00
10:22:23 0.00 0.00 0.00
10:22:23 0.00 0.00 0.00
10:22:23 0.00 0.00 0.00
10:22:23 0.00 0.00 0.00
10:22:23 0.00 0.00 0.00
10:22:23 0.00 0.00 0.00
10:22:23 0.00 0.00 0.00
10:22:23 0.00 0.00 0.00
10:22:23 0.00 0.00 0.00
10:22:23 0.00 0.00 0.00
10:22:23 0.00 0.00 0.00
10:22:23 0.00 0.00 0.00
10:22:23 0.00 0.00 0.00
10:22:23 0.00 0.00 0.00
10:22:23 0.00 0.00 0.00
10:22:23 0.00 0.00 0.00
10:22:23 0.00 0.00 0.00
10:22:23 0.00 0.00 0.00
10:22:23 0.00 0.00 0.00
10:22:23 0.00 0.00 0.00
10:22:23 0.00 0.00 0.00
10:22:23 0.00 0.00 0.00
10:22:23 0.00 0.00 0.00
10:22:23 0.00 0.00 0.00
10:22:23 0.00 0.00 0.00
10:22:23 0.00 0.00 0.00
10:22:23 0.00 0.00 0.00
10:22:23 0.00 0.00 0.00
10:22:23 0.00 0.00 0.00
10:22:23 0.00 0.00 0.00
10:22:23 0.00 0.00 0.00
10:22:23 0.00 0.00 0.00
10:22:23 0.00 0.00 0.00
10:22:23 0.00 0.00 0.00
10:22:23 0.00 0.00 0.00
10:22:23 0.00 0.00 0.00
10:22:23 0.00 0.00 0.00
10:22:23 0.00 0.00 0.00
10:22:23 0.00 0.00 0.00
10:22:23 0.00 0.00 0.00
10:22:23 0.00 0.00 0.00
10:22:23 0.00 0.00 0.00
10:22:23 0.00 0.00 0.00
10:22:23 0.00 0.00 0.00
10:22:23 0.00 0.00 0.00
10:22:24 0.00 0.00 0.00
10:22:24 0.00 0.00 0.00
10:22:24 0.00 0.00 0.00
10:22:24 0.00 0.00 0.00
10:22:24 0.00 0.00 0.00
10:22:24 0.00 0.00 0.00
10:22:24 0.00 0.00 0.00
10:22:24 0.00 0.00 0.00
10:22:24 0.00 0.00 0.00
10:22:24 0.00 0.00 0.00
10:22:24 0.00 0.00 0.00
10:22:24 0.00 0.00 0.00
10:22:24 0.00 0.00 0.00
10:22:24 0.00 0.00 0.00
10:22:24 0.00 0.00 0.00
10:22:24 0.00 0.00 0.00
10:22:24 0.00 0.00 0.00
10:22:24 0.00 0.00 0.00
10:22:24 0.00 0.00 0.00
10:22:24 0.00 0.00 0.00
10:22:24 0.00 0.00 0.00
10:22:24 0.00 0.00 0.00
10:22:24 0.00 0.00 0.00
10:22:24 0.00 0.00 0.00
10:22:24 0.00 0.00 0.00
10:22:24 0.00 0.00 0.00
10:22:24 0.00 0.00 0.00
10:22:24 0.00 0.00 0.00
10:22:24 0.00 0.00 0.00
10:22:24 0.00 0.00 0.00
10:22:24 0.00 0.00 0.00
10:22:24 0.00 0.00 0.00
10:22:24 0.00 0.00 0.00
10:22:24 0.00 0.00 0.00
10:22:24 0.00 0.00 0.00
10:22:24 0.00 0.00 0.00
10:22:24 0.00 0.00 0.00
10:22:24 0.00 0.00 0.00
10:22:24 0.00 0.00 0.00
10:22:24 0.00 0.00 0.00
10:22:24 0.00 0.00 0.00
10:22:24 0.00 0.00 0.00
10:22:24 0.00 0.00 0.00
10:22:24 0.00 0.00 0.00
10:22:24 0.00 0.00 0.00
10:22:24 0.00 0.00 0.00
10:22:24 0.00 0.00 0.00
10:22:24 0.00 0.00 0.00
10:22:24 0.00 0.00 0.00
10:22:24 0.00 0.00 0.00
10:22:25 0.00 0.00 0.00
10:22:25 0.00 0.00 0.00
10:22:25 0.00 0.00 0.00
10:22:25 0.00 0.00 0.00
10:22:25 0.00 0.00 0.00
10:22:25 0.00 0.00 0.00
10:22:25 0.00 0.00 0.00
10:22:25 0.00 0.00 0.00
10:22:25 0.00 0.00 0.00
10:22:25 0.00 0.00 0.00
10:22:25 0.00 0.00 0.00
10:22:25 0.00 0.00 0.00
10:22:25 0.00 0.00 0.00
10:22:25 0.00 0.00 0.00
10:22:25 0.00 0.00 0.00
10:22:25 0.00 0.00 0.00
10:22:25 0.00 0.00 0.00
10:22:25 0.00 0.00 0.00
10:22:25 0.00 0.00 0.00
10:22:25 0.00 0.00 0.00
10:22:25 0.00 0.00 0.00
10:22:25 0.00 0.00 0.00
10:22:25 0.00 0.00 0.00
10:22:25 0.00 0.00 0.00
10:22:25 0.00 0.00 0.00
10:22:25 0.00 0.00 0.00
10:22:25 0.00 0.00 0.00
10:22:25 0.00 0.00 0.00
10:22:25 0.00 0.00 0.00
10:22:25 0.00 0.00 0.00
10:22:25 0.00 0.00 0.00
10:22:25 0.00 0.00 0.00
10:22:25 0.00 0.00 0.00
10:22:25 0.00 0.00 0.00
10:22:25 0.00 0.00 0.00
10:22:25 0.00 0.00 0.00
10:22:25 0.00 0.00 0.00
10:22:25 0.00 0.00 0.00
10:22:25 0.00 0.00 0.00
10:22:25 0.00 0.00 0.00
10:22:25 0.00 0.00 0.00
10:22:25 0.00 0.00 0.00
10:22:25 0.00 0.00 0.00
10:22:25 0.00 0.00 0.00
10:22:25 0.00 0.00 0.00
10:22:25 0.00 0.00 0.00
10:22:25 0.00 0.00 0.00
10:22:25 0.00 0.00 0.00
10:22:25 0.00 0.00 0.00
10:22:25 0.00 0.00 0.00
10:22:26 0.00 0.00 0.00
10:22:26 0.00 0.00 0.00
10:22:26 0.00 0.00 0.00
10:22:26 0.00 0.00 0.00
10:22:26 0.00 0.00 0.00
10:22:26 0.00 0.00 0.00
10:22:26 0.00 0.00 0.00
10:22:26 0.00 0.00 0.00
10:22:26 0.00 0.00 0.00
10:22:26 0.00 0.00 0.00
10:22:26 0.00 0.00 0.00
10:22:26 0.00 0.00 0.00
10:22:26 0.00 0.00 0.00
10:22:26 0.00 0.00 0.00
10:22:26 0.00 0.00 0.00
10:22:26 0.00 0.00 0.00
10:22:26 0.00 0.00 0.00
10:22:26 0.00 0.00 0.00
10:22:26 0.00 0.00 0.00
10:22:26 0.00 0.00 0.00
10:22:26 0.00 0.00 0.00
10:22:26 0.00 0.00 0.00
10:22:26 0.00 0.00 0.00
10:22:26 0.00 0.00 0.00
10:22:26 0.00 0.00 0.00
10:22:26 0.00 0.00 0.00
10:22:26 0.00 0.00 0.00
10:22:26 0.00 0.00 0.00
10:22:26 0.00 0.00 0.00
10:22:26 0.00 0.00 0.00
10:22:26 0.00 0.00 0.00
10:22:26 0.00 0.00 0.00
10:22:26 0.00 0.00 0.00
10:22:26 0.00 0.00 0.00
10:22:26 0.00 0.00 0.00
10:22:26 0.00 0.00 0.00
10:22:26 0.00 0.00 0.00
10:22:26 0.00 0.00 0.00
10:22:26 0.00 0.00 0.00
10:22:26 0.00 0.00 0.00
10:22:26 0.00 0.00 0.00
10:22:26 0.00 0.00 0.00
10:22:26 0.00 0.00 0.00
10:22:26 0.00 0.00 0.00
10:22:26 0.00 0.00 0.00
10:22:26 0.00 0.00 0.00
10:22:26 0.00 0.00 0.00
10:22:26 0.00 0.00 0.00
10:22:26 0.00 0.00 0.00
10:22:26 0.00 0.00 0.00
10:22:27 0.00 0.00 0.00
10:22:27 0.00 0.00 0.00
10:22:27 0.00 0.00 0.00
10:22:27 0.00 0.00 0.00
10:22:27 0.00 0.00 0.00
10:22:27 0.00 0.00 0.00
10:22:27 0.00 0.00 0.00
10:22:27 0.00 0.00 0.00
10:22:27 0.00 0.00 0.00
10:22:27 0.00 0.00 0.00
10:22:27 0.00 0.00 0.00
10:22:27 0.00 0.00 0.00
10:22:27 0.00 0.00 0.00
10:22:27 0.00 0.00 0.00
10:22:27 0.00 0.00 0.00
10:22:27 0.00 0.00 0.00
10:22:27 0.00 0.00 0.00
10:22:27 0.00 0.00 0.00
10:22:27 0.00 0.00 0.00
10:22:27 0.00 0.00 0.00
10:22:27 0.00 0.00 0.00
10:22:27 0.00 0.00 0.00
10:22:27 0.00 0.00 0.00
10:22:27 0.00 0.00 0.00
10:22:27 0.00 0.00 0.00
10:22:27 0.00 0.00 0.00
10:22:27 0.00 0.00 0.00
10:22:27 0.00 0.00 0.00
10:22:27 0.00 0.00 0.00
10:22:27 0.00 0.00 0.00
10:22:27 0.00 0.00 0.00
10:22:27 0.00 0.00 0.00
10:22:27 0.00 0.00 0.00
10:22:27 0.00 0.00 0.00
10:22:27 0.00 0.00 0.00
10:22:27 0.00 0.00 0.00
10:22:27 0.00 0.00 0.00
10:22:27 0.00 0.00 0.00
10:22:27 0.00 0.00 0.00
10:22:27 0.00 0.00 0.00
10:22:27 0.00 0.00 0.00
10:22:27 0.00 0.00 0.00
10:22:27 0.00 0.00 0.00
10:22:27 0.00 0.00 0.00
10:22:27 0.00 0.00 0.00
10:22:27 0.00 0.00 0.00
10:22:27 0.00 0.00 0.00
10:22:27 0.00 0.00 0.00
10:22:27 0.00 0.00 0.00
10:22:27 0.00 0.00 0.00
10:22:28 0.00 0.00 0.00
10:22:28 0.00 0.00 0.00
10:22:28 0.00 0.00 0.00
10:22:28 0.00 0.00 0.00
10:22:28 0.00 0.00 0.00
10:22:28 0.00 0.00 0.00
10:22:28 0.00 0.00 0.00
10:22:28 0.00 0.00 0.00
10:22:28 0.00 0.00 0.00
10:22:28 0.00 0.00 0.00
10:22:28 0.00 0.00 0.00
10:22:28 0.00 0.00 0.00
10:22:28 0.00 0.00 0.00
10:22:28 0.00 0.00 0.00
10:22:28 0.00 0.00 0.00
10:22:28 0.00 0.00 0.00
10:22:28 0.00 0.00 0.00
10:22:28 0.00 0.00 0.00
10:22:28 0.00 0.00 0.00
10:22:28 0.00 0.00 0.00
10:22:28 0.00 0.00 0.00
10:22:28 0.00 0.00 0.00
10:22:28 0.00 0.00 0.00
10:22:28 0.00 0.00 0.00
10:22:28 0.00 0.00 0.00
10:22:28 0.00 0.00 0.00
10:22:28 0.00 0.00 0.00
10:22:28 0.00 0.00 0.00
10:22:28 0.00 0.00 0.00
10:22:28 0.00 0.00 0.00
10:22:28 0.00 0.00 0.00
10:22:28 0.00 0.00 0.00
10:22:28 0.00 0.00 0.00
10:22:28 0.00 0.00 0.00
10:22:28 0.00 0.00 0.00
10:22:28 0.00 0.00 0.00
10:22:28 0.00 0.00 0.00
10:22:28 0.00 0.00 0.00
10:22:28 0.00 0.00 0.00
10:22:28 0.00 0.00 0.00
10:22:28 0.00 0.00 0.00
10:22:28 0.00 0.00 0.00
10:22:28 0.00 0.00 0.00
10:22:28 0.00 0.00 0.00
10:22:28 0.00 0.00 0.00
10:22:28 0.00 0.00 0.00
10:22:28 0.00 0.00 0.00
10:22:28 0.00 0.00 0.00
10:22:28 0.00 0.00 0.00
10:22:28 0.00 0.00 0.00
10:22:29 0.00 0.00 0.00
10:22:29 0.00 0.00 0.00
10:22:29 0.00 0.00 0.00
10:22:29 0.00 0.00 0.00
10:22:29 0.00 0.00 0.00
10:22:29 0.00 0.00 0.00
10:22:29 0.00 0.00 0.00
10:22:29 0.00 0.00 0.00
10:22:29 0.00 0.00 0.00
10:22:29 0.00 0.00 0.00
10:22:29 0.00 0.00 0.00
10:22:29 0.00 0.00 0.00
10:22:29 0.00 0.00 0.00
10:22:29 0.00 0.00 0.00
10:22:29 0.00 0.00 0.00
10:22:29 0.00 0.00 0.00
10:22:29 0.00 0.00 0.00
10:22:29 0.00 0.00 0.00
10:22:29 0.00 0.00 0.00
10:22:29 0.00 0.00 0.00
10:22:29 0.00 0.00 0.00
10:22:29 0.00 0.00 0.00
10:22:29 0.00 0.00 0.00
10:22:29 0.00 0.00 0.00
10:22:29 0.00 0.00 0.00
10:22:29 0.00 0.00 0.00
10:22:29 0.00 0.00 0.00
10:22:29 0.00 0.00 0.00
10:22:29 0.00 0.00 0.00
10:22:29 0.00 0.00 0.00
10:22:29 0.00 0.00 0.00
10:22:29 0.00 0.00 0.00
10:22:29 0.00 0.00 0.00
10:22:29 0.00 0.00 0.00
10:22:29 0.00 0.00 0.00
10:22:29 0.00 0.00 0.00
10:22:29 0.00 0.00 0.00
10:22:29 0.00 0.00 0.00
10:22:29 0.00 0.00 0.00
10:22:29 0.00 0.00 0.00
10:22:29 0.00 0.00 0.00
10:22:29 0.00 0.00 0.00
10:22:29 0.00 0.00 0.00
10:22:29 0.00 0.00 0.00
10:22:29 0.00 0.00 0.00
10:22:29 0.00 0.00 0.00
10:22:29 0.00 0.00 0.00
10:22:29 0.00 0.00 0.00
10:22:29 0.00 0.00 0.00
10:22:29 0.00 0.00 0.00
10:22:30 0.00 0.00 0.00
10:22:30 0.00 0.00 0.00
10:22:30 0.00 0.00 0.00
10:22:30 0.00 0.00 0.00
10:22:30 0.00 0.00 0.00
10:22:30 0.00 0.00 0.00
10:22:30 0.00 0.00 0.00
10:22:30 0.00 0.00 0.00
10:22:30 0.00 0.00 0.00
10:22:30 0.00 0.00 0.00
10:22:30 0.00 0.00 0.00
10:22:30 0.00 0.00 0.00
10:22:30 0.00 0.00 0.00
10:22:30 0.00 0.00 0.00
10:22:30 0.00 0.00 0.00
10:22:30 0.00 0.00 0.00
10:22:30 0.00 0.00 0.00
10:22:30 0.00 0.00 0.00
10:22:30 0.00 0.00 0.00
10:22:30 0.00 0.00 0.00
10:22:30 0.00 0.00 0.00
10:22:30 0.00 0.00 0.00
10:22:30 0.00 0.00 0.00
10:22:30 0.00 0.00 0.00
10:22:30 0.00 0.00 0.00
10:22:30 0.00 0.00 0.00
10:22:30 0.00 0.00 0.00
10:22:30 0.00 0.00 0.00
10:22:30 0.00 0.00 0.00
10:22:30 0.00 0.00 0.00
10:22:30 0.00 0.00 0.00
10:22:30 0.00 0.00 0.00
10:22:30 0.00 0.00 0.00
10:22:30 0.00 0.00 0.00
10:22:30 0.00 0.00 0.00
10:22:30 0.00 0.00 0.00
10:22:30 0.00 0.00 0.00
10:22:30 0.00 0.00 0.00
10:22:30 0.00 0.00 0.00
10:22:30 0.00 0.00 0.00
10:22:30 0.00 0.00 0.00
10:22:30 0.00 0.00 0.00
10:22:30 0.00 0.00 0.00
10:22:30 0.00 0.00 0.00
10:22:30 0.00 0.00 0.00
10:22:30 0.00 0.00 0.00
10:22:30 0.00 0.00 0.00
10:22:30 0.00 0.00 0.00
10:22:30 0.00 0.00 0.00
10:22:30 0.00 0.00 0.00
10:22:31 0.00 0.00 0.00
10:22:31 0.00 0.00 0.00
10:22:31 0.00 0.00 0.00
10:22:31 0.00 0.00 0.00
10:22:31 0.00 0.00 0.00
10:22:31 0.00 0.00 0.00
10:22:31 0.00 0.00 0.00
10:22:31 0.00 0.00 0.00
10:22:31 0.00 0.00 0.00
10:22:31 0.00 0.00 0.00
10:22:31 0.00 0.00 0.00
10:22:31 0.00 0.00 0.00
10:22:31 0.00 0.00 0.00
10:22:31 0.00 0.00 0.00
10:22:31 0.00 0.00 0.00
10:22:31 0.00 0.00 0.00
10:22:31 0.00 0.00 0.00
10:22:31 0.00 0.00 0.00
10:22:31 0.00 0.00 0.00
10:22:31 0.00 0.00 0.00
10:22:31 0.00 0.00 0.00
10:22:31 0.00 0.00 0.00
10:22:31 0.00 0.00 0.00
10:22:31 0.00 0.00 0.00
10:22:31 0.00 0.00 0.00
10:22:31 0.00 0.00 0.00
10:22:31 0.00 0.00 0.00
10:22:31 0.00 0.00 0.00
10:22:31 0.00 0.00 0.00
10:22:31 0.00 0.00 0.00
10:22:31 0.00 0.00 0.00
10:22:31 0.00 0.00 0.00
10:22:31 0.00 0.00 0.00
10:22:31 0.00 0.00 0.00
10:22:31 0.00 0.00 0.00
10:22:31 0.00 0.00 0.00
10:22:31 0.00 0.00 0.00
10:22:31 0.00 0.00 0.00
10:22:31 0.00 0.00 0.00
10:22:31 0.00 0.00 0.00
10:22:31 0.00 0.00 0.00
10:22:31 0.00 0.00 0.00
10:22:31 0.00 0.00 0.00
10:22:31 0.00 0.00 0.00
10:22:31 0.00 0.00 0.00
10:22:31 4.00 0.00 0.00
10:22:31 4.00 0.00 0.00
10:22:31 4.00 0.00 0.00
10:22:31 4.00 0.00 0.38
10:22:31 8.00 1.06 0.38
10:22:32 8.00 0.71 0.77
10:22:32 8.00 1.53 2.31
10:22:32 12.00 5.26 4.62
10:22:32 12.00 9.87 6.92
10:22:32 12.00 12.96 8.85
10:22:32 16.00 13.97 10.38
10:22:32 16.00 13.59 12.31
10:22:32 16.00 14.39 15.00
10:22:32 20.00 17.05 17.69
10:22:32 20.00 18.83 20.38
10:22:32 20.00 20.02 23.85
10:22:32 24.00 22.93 26.54
10:22:32 24.00 22.77 30.00
10:22:32 24.00 24.77 33.08
10:22:32 24.00 25.06 36.54
10:22:32 28.00 26.31 40.00
10:22:32 28.00 27.15 43.46
10:22:32 28.00 27.71 46.92
10:22:32 32.00 28.08 50.77
10:22:32 32.00 29.39 54.62
10:22:32 32.00 30.27 58.85
10:22:32 36.00 31.92 63.08
10:22:32 36.00 33.02 67.31
10:22:32 36.00 33.76 71.54
10:22:32 40.00 34.25 75.77
10:22:32 40.00 34.58 80.38
10:22:32 40.00 35.86 85.00
10:22:32 44.00 36.72 89.62
10:22:32 44.00 37.30 94.23
10:22:32 44.00 37.68 99.23
10:22:32 48.00 39.00 104.23
10:22:32 48.00 39.88 109.23
10:22:32 48.00 40.47 114.62
10:22:32 52.00 41.92 119.62
10:22:32 52.00 41.84 124.62
10:22:32 52.00 41.78 129.62
10:22:32 56.00 41.74 134.62
10:22:32 56.00 41.72 140.38
10:22:32 56.00 43.82 146.15
10:22:32 56.00 45.22 151.92
10:22:32 60.00 46.16 157.69
10:22:32 60.00 46.80 163.46
10:22:32 64.00 47.22 170.00
10:22:32 64.00 49.62 176.92
10:22:32 64.00 52.28 -175.77
10:22:32 68.00 55.13 -168.08
10:22:32 68.00 58.09 -160.77
10:22:32 68.00 59.01 -153.46
10:22:32 68.00 59.64 -146.15
10:22:32 72.00 60.05 -138.46
10:22:33 72.00 61.39 -130.77
10:22:33 72.00 62.28 -122.69
10:22:33 76.00 63.94 -114.62
10:22:33 76.00 65.05 -106.92
10:22:33 76.00 64.74 -98.46
10:22:33 80.00 66.64 -90.38
10:22:33 80.00 66.86 -82.31
10:22:33 80.00 67.01 -74.23
10:22:33 84.00 67.11 -65.77
10:22:33 84.00 68.23 -57.31
10:22:33 84.00 68.98 -48.85
10:22:33 84.00 69.49 -40.00
10:22:33 88.00 70.88 -30.38
10:22:33 88.00 73.93 -20.38
10:22:33 92.00 77.04 -10.38
10:22:33 92.00 79.11 -0.00
10:22:33 92.00 81.56 10.00
10:22:33 92.00 82.15 20.38
10:22:33 96.00 83.60 30.77
10:22:33 96.00 84.57 41.15
10:22:33 96.00 85.22 51.54
10:22:33 100.00 85.65 61.92
10:22:33 100.00 85.95 72.31
10:22:33 100.00 86.14 82.69
10:22:33 104.00 86.27 93.46
10:22:33 104.00 87.42 104.23
10:22:33 104.00 88.19 115.38
10:22:33 108.00 89.76 127.31
10:22:33 108.00 92.93 139.23
10:22:33 108.00 95.05 151.92
10:22:33 112.00 98.59 164.23
10:22:33 112.00 99.90 176.92
10:22:33 112.00 101.84 -170.77
10:22:33 116.00 102.08 -158.08
10:22:33 116.00 103.30 -146.15
10:22:33 116.00 102.00 -133.85
10:22:33 120.00 102.18 -121.54
10:22:33 120.00 102.31 -109.23
10:22:33 120.00 102.39 -96.54
10:22:33 124.00 103.51 -83.08
10:22:33 124.00 106.37 -69.23
10:22:33 124.00 109.34 -55.00
10:22:33 124.00 112.40 -40.77
10:22:33 128.00 114.44 -26.15
10:22:33 128.00 116.87 -11.92
10:22:33 128.00 117.44 2.31
10:22:33 132.00 117.82 16.15
10:22:33 132.00 117.01 30.00
10:22:33 132.00 116.48 43.85
10:22:33 136.00 116.12 58.46
10:22:34 136.00 117.99 73.46
10:22:34 136.00 120.30 89.23
10:22:34 140.00 123.97 105.38
10:22:34 140.00 127.48 121.54
10:22:34 140.00 129.84 137.31
10:22:34 144.00 130.36 153.08
10:22:34 144.00 130.70 168.85
10:22:34 144.00 130.94 -175.77
10:22:34 148.00 130.04 -160.38
10:22:34 148.00 129.43 -144.23
10:22:34 148.00 131.14 -127.69
10:22:34 152.00 133.35 -110.38
10:22:34 152.00 136.94 -93.08
10:22:34 152.00 139.34 -75.77
10:22:34 156.00 140.96 -58.46
10:22:34 156.00 142.04 -41.54
10:22:34 156.00 141.70 -24.62
10:22:34 160.00 141.48 -7.31
10:22:34 160.00 142.39 10.00
10:22:34 160.00 143.00 28.08
10:22:34 164.00 145.52 46.54
10:22:34 164.00 148.27 65.38
10:22:34 164.00 151.17 83.85
10:22:34 164.00 152.05 102.69
10:22:34 168.00 153.70 120.77
10:22:34 168.00 152.69 138.85
10:22:34 168.00 152.01 157.69
10:22:34 172.00 153.68 176.92
10:22:34 172.00 155.85 -163.46
10:22:34 172.00 158.36 -143.46
10:22:34 176.00 161.10 -123.46
10:22:34 176.00 162.94 -103.85
10:22:34 176.00 163.11 -84.23
10:22:34 180.00 163.23 -64.62
10:22:34 180.00 163.30 -44.62
10:22:34 180.00 164.41 -23.85
10:22:34 184.00 167.27 -3.08
10:22:34 184.00 169.19 18.08
10:22:34 184.00 171.53 39.23
10:22:34 188.00 173.10 60.00
10:22:34 188.00 173.09 80.38
10:22:34 188.00 172.03 101.15
10:22:34 188.00 172.37 122.69
10:22:34 192.00 174.72 144.62
10:22:34 192.00 177.35 166.54
10:22:34 192.00 179.11 -171.15
10:22:34 196.00 181.35 -149.23
10:22:34 196.00 181.79 -127.31
10:22:34 196.00 182.09 -105.38
10:22:34 200.00 182.29 -82.69
10:22:35 200.00 184.54 -60.00
10:22:35 200.00 186.04 -36.54
10:22:35 200.00 189.17 -13.46
10:22:35 200.00 190.20 9.23
10:22:35 200.00 189.84 31.92
10:22:35 200.00 189.60 54.62
10:22:35 200.00 189.43 77.69
10:22:35 200.00 190.38 101.15
10:22:35 200.00 192.08 124.62
10:22:35 200.00 193.21 147.31
10:22:35 200.00 191.85 170.00
10:22:35 200.00 190.95 -166.92
10:22:35 200.00 191.40 -143.85
10:22:35 200.00 191.70 -120.38
10:22:35 200.00 192.96 -96.92
10:22:35 200.00 193.80 -73.08
10:22:35 200.00 195.42 -50.00
10:22:35 200.00 194.39 -26.92
10:22:35 200.00 193.71 -3.85
10:22:35 200.00 193.24 20.00
10:22:35 200.00 195.05 43.46
10:22:35 200.00 195.20 67.31
10:22:35 200.00 196.36 90.77
10:22:35 200.00 196.08 113.85
10:22:35 200.00 194.84 137.31
10:22:35 200.00 195.06 161.15
10:22:35 200.00 196.27 -175.00
10:22:35 200.00 197.08 -151.15
10:22:35 200.00 197.62 -127.31
10:22:35 200.00 197.98 -104.23
10:22:35 200.00 196.11 -81.15
10:22:35 200.00 194.85 -57.31
10:22:35 200.00 196.13 -33.46
10:22:35 200.00 196.98 -9.23
10:22:35 200.00 198.61 14.62
10:22:35 200.00 198.65 38.46
10:22:35 200.00 198.67 61.54
10:22:35 200.00 196.57 85.38
10:22:35 200.00 197.28 109.23
10:22:35 200.00 197.75 133.08
10:22:35 200.00 198.07 157.31
10:22:35 200.00 199.34 -178.85
10:22:35 200.00 199.14 -155.38
10:22:35 200.00 197.94 -131.92
10:22:35 200.00 197.14 -108.08
10:22:35 200.00 197.66 -83.85
10:22:35 200.00 199.07 -60.00
10:22:35 200.00 198.95 -35.77
10:22:35 200.00 199.93 -12.31
10:22:35 200.00 198.47 11.54
10:22:36 200.00 198.55 35.77
10:22:36 200.00 199.67 60.00
10:22:36 200.00 200.41 84.62
10:22:36 200.00 201.97 109.23
10:22:36 200.00 203.01 133.08
10:22:36 200.00 201.59 156.92
10:22:36 200.00 200.64 -178.85
10:22:36 200.00 201.07 -154.62
10:22:36 200.00 201.35 -130.38
10:22:36 200.00 201.54 -106.15
10:22:36 200.00 201.67 -82.31
10:22:36 200.00 200.69 -58.85
10:22:36 200.00 198.98 -34.62
10:22:36 200.00 199.95 -10.77
10:22:36 200.00 199.55 13.85
10:22:36 200.00 201.39 38.08
10:22:36 200.00 201.56 61.92
10:22:36 200.00 200.63 85.77
10:22:36 200.00 200.00 109.23
10:22:36 200.00 198.52 133.46
10:22:36 200.00 199.64 157.69
10:22:36 200.00 200.39 -178.08
10:22:36 200.00 200.90 -154.23
10:22:36 200.00 200.18 -130.38
10:22:36 200.00 199.70 -106.54
10:22:36 200.00 199.37 -82.31
10:22:36 200.00 200.22 -58.08
10:22:36 200.00 200.78 -33.85
10:22:36 200.00 201.16 -9.62
10:22:36 200.00 201.41 14.23
10:22:36 200.00 200.52 38.08
10:22:36 200.00 199.93 61.92
10:22:36 200.00 199.53 86.15
10:22:36 200.00 200.32 110.38
10:22:36 200.00 200.85 134.62
10:22:36 200.00 201.20 158.46
10:22:36 200.00 200.38 -178.08
10:22:36 200.00 198.78 -154.23
10:22:36 200.00 198.76 -130.00
10:22:36 200.00 199.80 -105.38
10:22:36 200.00 201.56 -81.15
10:22:36 200.00 201.68 -57.31
10:22:36 200.00 200.70 -33.46
10:22:36 200.00 200.05 -9.62
10:22:36 200.00 199.61 14.23
10:22:36 200.00 199.31 38.46
10:22:36 200.00 200.18 62.69
10:22:36 200.00 200.75 86.54
10:22:36 200.00 200.08 110.00
10:22:36 200.00 198.57 133.85
10:22:37 200.00 198.62 157.69
10:22:37 200.00 198.65 -178.08
10:22:37 200.00 199.73 -153.46
10:22:37 200.00 201.51 -129.23
10:22:37 200.00 201.65 -105.77
10:22:37 200.00 199.62 -81.92
10:22:37 200.00 199.32 -58.08
10:22:37 200.00 199.12 -33.85
10:22:37 200.00 200.05 -10.00
10:22:37 200.00 199.61 14.23
10:22:37 200.00 200.37 38.08
10:22:37 200.00 199.83 61.54
10:22:37 200.00 198.40 85.38
10:22:37 200.00 198.51 109.23
10:22:37 200.00 198.58 133.46
10:22:37 200.00 199.68 157.69
10:22:37 200.00 200.42 -178.08
10:22:37 200.00 200.92 -154.62
10:22:37 200.00 199.13 -130.77
10:22:37 200.00 199.00 -106.54
10:22:37 200.00 199.96 -81.92
10:22:37 200.00 201.67 -57.69
10:22:37 200.00 201.75 -33.85
10:22:37 200.00 200.75 -10.00
10:22:37 200.00 200.08 13.46
10:22:37 200.00 198.57 37.31
10:22:37 200.00 198.62 61.54
10:22:37 200.00 199.71 85.77
10:22:37 200.00 200.44 110.00
10:22:37 200.00 200.93 133.85
10:22:37 200.00 200.20 157.31
10:22:37 200.00 198.65 -178.46
10:22:37 200.00 199.73 -154.23
10:22:37 200.00 200.46 -130.00
10:22:37 200.00 200.94 -105.38
10:22:37 200.00 202.32 -81.54
10:22:37 200.00 201.13 -57.69
10:22:37 200.00 200.34 -33.46
10:22:37 200.00 200.86 -9.23
10:22:37 200.00 201.21 15.38
10:22:37 200.00 202.50 39.62
10:22:37 200.00 202.31 63.46
10:22:37 200.00 201.13 87.31
10:22:37 200.00 200.33 111.15
10:22:37 200.00 199.80 135.38
10:22:37 200.00 200.50 159.62
10:22:37 200.00 200.97 -176.15
10:22:37 200.00 201.28 -151.92
10:22:37 200.00 201.50 -128.08
10:22:37 200.00 200.58 -104.23
10:22:38 200.00 199.96 -80.00
10:22:38 200.00 200.61 -56.15
10:22:38 200.00 199.99 -31.54
10:22:38 200.00 201.68 -7.69
10:22:38 200.00 200.70 16.15
10:22:38 200.00 200.05 39.62
10:22:38 200.00 198.55 63.46
10:22:38 200.00 198.61 87.69
10:22:38 200.00 199.70 111.54
10:22:38 200.00 199.38 135.77
10:22:38 200.00 200.22 159.62
10:22:38 200.00 199.72 -176.92
10:22:38 200.00 198.33 -152.69
10:22:38 200.00 199.52 -128.85
10:22:38 200.00 199.25 -104.23
10:22:38 200.00 201.19 -80.00
10:22:38 200.00 201.43 -55.77
10:22:38 200.00 201.60 -32.31
10:22:38 200.00 199.59 -8.46
10:22:38 200.00 199.30 15.38
10:22:38 200.00 199.11 39.62
10:22:38 200.00 200.04 63.85
10:22:38 200.00 200.66 87.69
10:22:38 200.00 200.02 111.15
10:22:38 200.00 198.53 134.62
10:22:38 200.00 197.54 158.46
10:22:38 200.00 197.93 -177.31
10:22:38 200.00 199.24 -152.69
10:22:38 200.00 201.19 -128.46
10:22:38 200.00 201.43 -104.62
10:22:38 200.00 200.53 -81.15
10:22:38 200.00 198.88 -57.31
10:22:38 200.00 198.82 -33.08
10:22:38 200.00 199.85 -8.85
10:22:38 200.00 200.53 15.38
10:22:38 200.00 200.99 39.23
10:22:38 200.00 200.24 63.08
10:22:38 200.00 199.74 86.92
10:22:38 200.00 199.40 111.54
10:22:38 200.00 201.29 135.77
10:22:38 200.00 201.50 160.00
10:22:38 200.00 201.64 -176.15
10:22:38 200.00 200.68 -152.69
10:22:38 200.00 198.97 -128.85
10:22:38 200.00 198.89 -105.00
10:22:38 200.00 198.83 -80.77
10:22:38 200.00 199.85 -56.54
10:22:38 200.00 200.54 -32.69
10:22:38 200.00 199.94 -8.85
10:22:38 200.00 199.53 15.00
10:22:39 200.00 199.26 38.85
10:22:39 200.00 199.08 63.08
10:22:39 200.00 200.02 87.31
10:22:39 200.00 200.65 111.54
10:22:39 200.00 201.07 135.38
10:22:39 200.00 200.29 159.23
10:22:39 200.00 199.77 -176.92
10:22:39 200.00 199.43 -152.69
10:22:39 200.00 200.25 -128.46
10:22:39 200.00 200.80 -104.62
10:22:39 200.00 200.11 -80.77
10:22:39 200.00 199.65 -56.92
10:22:39 200.00 199.34 -33.08
10:22:39 200.00 199.14 -9.23
10:22:39 200.00 199.00 15.00
10:22:39 200.00 199.96 39.23
10:22:39 200.00 200.61 63.08
10:22:39 200.00 199.99 86.92
10:22:39 200.00 199.57 110.77
10:22:39 200.00 199.29 134.62
10:22:39 200.00 199.10 158.85
10:22:39 200.00 200.03 -176.92
10:22:39 200.00 200.66 -152.69
10:22:39 200.00 201.07 -129.23
10:22:39 200.00 199.24 -105.38
10:22:39 200.00 199.07 -81.54
10:22:39 200.00 198.95 -57.31
10:22:39 200.00 199.93 -33.08
10:22:39 200.00 200.59 -8.85
10:22:39 200.00 201.03 15.00
10:22:39 200.00 200.27 38.46
10:22:39 200.00 198.70 62.31
10:22:39 200.00 198.70 86.15
10:22:39 200.00 198.71 110.77
10:22:39 200.00 200.83 135.00
10:22:39 200.00 201.19 158.85
10:22:39 200.00 200.37 -177.31
10:22:39 200.00 199.83 -153.46
10:22:39 200.00 199.46 -129.23
10:22:39 200.00 200.27 -104.62
10:22:39 200.00 201.88 -80.38
10:22:39 200.00 201.89 -56.54
10:22:39 200.00 200.84 -33.08
10:22:39 200.00 199.08 -9.23
10:22:39 200.00 198.96 14.62
10:22:39 200.00 198.88 38.85
10:22:39 200.00 199.89 63.08
10:22:39 200.00 200.56 86.92
10:22:39 200.00 199.95 110.38
10:22:39 200.00 198.49 134.23
10:22:40 200.00 198.56 158.08
10:22:40 200.00 198.61 -177.69
10:22:40 200.00 199.71 -153.46
10:22:40 200.00 200.44 -129.23
10:22:40 200.00 200.93 -105.38
10:22:40 200.00 200.20 -81.54
10:22:40 200.00 199.71 -57.69
10:22:40 200.00 199.38 -33.46
10:22:40 200.00 200.22 -8.85
10:22:40 200.00 201.84 15.38
10:22:40 200.00 201.87 39.23
10:22:40 200.00 200.83 63.08
10:22:40 200.00 200.13 86.92
10:22:40 200.00 199.67 110.77
10:22:40 200.00 199.35 135.00
10:22:40 200.00 200.20 159.23
10:22:40 200.00 200.77 -176.92
10:22:40 200.00 200.09 -153.46
10:22:40 200.00 198.58 -130.00
10:22:40 200.00 197.57 -105.77
10:22:40 200.00 199.01 -81.54
10:22:40 200.00 199.97 -57.31
10:22:40 200.00 200.61 -33.08
10:22:40 200.00 201.05 -9.23
10:22:40 200.00 200.28 15.00
10:22:40 200.00 200.82 39.23
10:22:40 200.00 201.18 63.46
10:22:40 200.00 201.43 87.69
10:22:40 200.00 201.59 111.92
10:22:40 200.00 201.70 135.77
10:22:40 200.00 200.72 159.23
10:22:40 200.00 199.00 -176.54
10:22:40 200.00 199.96 -152.31
10:22:40 200.00 200.61 -128.08
10:22:40 200.00 201.04 -103.85
10:22:40 200.00 201.33 -80.00
10:22:40 200.00 200.47 -56.15
10:22:40 200.00 199.89 -32.31
10:22:40 200.00 199.50 -8.08
10:22:40 200.00 200.30 16.15
10:22:40 200.00 200.84 40.38
10:22:40 200.00 201.20 64.62
10:22:40 200.00 201.44 88.46
10:22:40 200.00 200.54 112.31
10:22:40 200.00 199.94 136.15
10:22:40 200.00 199.54 160.38
10:22:40 200.00 200.32 -175.00
10:22:40 200.00 201.91 -151.15
10:22:40 200.00 200.86 -127.31
10:22:40 200.00 200.15 -103.85
10:22:41 200.00 198.62 -80.00
10:22:41 200.00 198.65 -56.15
10:22:41 200.00 198.67 -31.92
10:22:41 200.00 199.75 -7.69
10:22:41 200.00 200.46 16.15
10:22:41 200.00 199.89 39.62
10:22:41 200.00 198.44 63.85
10:22:41 200.00 199.59 87.69
10:22:41 200.00 199.30 112.31
10:22:41 200.00 201.23 136.54
10:22:41 200.00 201.46 160.38
10:22:41 200.00 200.55 -176.15
10:22:41 200.00 198.89 -152.31
10:22:41 200.00 198.83 -128.08
10:22:41 200.00 199.85 -103.85
10:22:41 200.00 200.54 -79.23
10:22:41 200.00 202.05 -55.38
10:22:41 200.00 200.95 -31.54
10:22:41 200.00 200.21 -7.69
10:22:41 200.00 199.72 16.15
10:22:41 200.00 199.39 40.38
10:22:41 200.00 200.23 64.62
10:22:41 200.00 200.79 88.46
10:22:41 200.00 200.10 111.92
10:22:41 200.00 198.59 135.77
10:22:41 200.00 198.63 159.62
10:22:41 200.00 198.66 -176.15
10:22:41 200.00 199.74 -151.92
10:22:41 200.00 200.46 -127.69
10:22:41 200.00 200.94 -103.85
10:22:41 200.00 200.21 -80.00
10:22:41 200.00 199.72 -56.15
10:22:41 200.00 199.39 -31.92
10:22:41 200.00 200.22 -7.31
10:22:41 200.00 201.84 16.92
10:22:41 200.00 201.87 40.77
10:22:41 200.00 200.83 64.23
10:22:41 200.00 199.07 88.08
10:22:41 200.00 198.96 112.31
10:22:41 200.00 199.94 136.15
10:22:41 200.00 199.53 160.38
10:22:41 200.00 200.32 -175.77
10:22:41 200.00 199.79 -152.31
10:22:41 200.00 198.38 -128.46
10:22:41 200.00 198.49 -104.62
10:22:41 200.00 198.57 -80.38
10:22:41 200.00 199.67 -55.77
10:22:41 200.00 201.47 -31.92
10:22:41 200.00 200.56 -8.08
10:22:41 200.00 199.96 15.77
10:22:42 200.00 199.55 39.62
10:22:42 200.00 199.27 63.46
10:22:42 200.00 199.09 87.69
10:22:42 200.00 200.02 111.54
10:22:42 200.00 199.59 135.38
10:22:42 200.00 199.30 158.85
10:22:42 200.00 198.05 -177.69
10:22:42 200.00 197.21 -153.46
10:22:42 200.00 198.77 -129.23
10:22:42 200.00 199.81 -105.00
10:22:42 200.00 200.51 -81.15
10:22:42 200.00 199.92 -57.69
10:22:42 200.00 198.46 -33.85
10:22:42 200.00 198.55 -9.62
10:22:42 200.00 199.66 14.62
10:22:42 200.00 200.41 38.85
10:22:42 200.00 200.91 63.08
10:22:42 200.00 201.24 86.92
10:22:42 200.00 200.41 110.77
10:22:42 200.00 199.85 135.00
10:22:42 200.00 200.54 159.23
10:22:42 200.00 200.99 -176.54
10:22:42 200.00 201.30 -152.31
10:22:42 200.00 201.51 -128.46
10:22:42 200.00 200.59 -104.62
10:22:42 200.00 199.97 -80.38
10:22:42 200.00 200.61 -56.15
10:22:42 200.00 201.05 -31.92
10:22:42 200.00 201.34 -8.08
10:22:42 200.00 200.47 15.77
10:22:42 200.00 199.89 39.23
10:22:42 200.00 198.45 63.08
10:22:42 200.00 198.54 87.31
10:22:42 200.00 199.65 111.54
10:22:42 200.00 200.40 135.77
10:22:42 200.00 200.90 160.00
10:22:42 200.00 201.24 -176.54
10:22:42 200.00 199.35 -152.31
10:22:42 200.00 200.20 -128.46
10:22:42 200.00 199.71 -104.23
10:22:42 200.00 200.44 -80.00
10:22:42 200.00 200.93 -55.77
10:22:42 200.00 201.26 -32.31
10:22:42 200.00 199.36 -8.46
10:22:42 200.00 199.15 15.77
10:22:42 200.00 200.06 40.00
10:22:42 200.00 200.68 64.23
10:22:42 200.00 201.09 88.46
10:22:42 200.00 201.36 111.92
10:22:42 200.00 199.43 135.77
10:22:43 200.00 199.20 159.62
10:22:43 200.00 199.04 -176.54
10:22:43 200.00 198.93 -152.31
10:22:43 200.00 199.92 -128.08
10:22:43 200.00 200.58 -104.62
10:22:43 200.00 198.91 -80.77
10:22:43 200.00 198.85 -56.92
10:22:43 200.00 198.80 -32.69
10:22:43 200.00 199.83 -8.46
10:22:43 200.00 200.52 15.77
10:22:43 200.00 200.98 40.00
10:22:43 200.00 201.29 63.85
10:22:43 200.00 200.44 87.69
10:22:43 200.00 199.87 111.92
10:22:43 200.00 200.55 136.15
10:22:43 200.00 201.00 160.38
10:22:43 200.00 201.31 -175.77
10:22:43 200.00 200.45 -151.92
10:22:43 200.00 199.88 -128.08
10:22:43 200.00 199.50 -104.23
10:22:43 200.00 199.24 -80.00
10:22:43 200.00 200.13 -55.77
10:22:43 200.00 200.72 -31.54
10:22:43 200.00 201.12 -7.69
10:22:43 200.00 200.32 16.15
10:22:43 200.00 199.79 40.00
10:22:43 200.00 199.44 64.23
10:22:43 200.00 200.26 88.46
10:22:43 200.00 200.81 112.31
10:22:43 200.00 200.12 136.15
10:22:43 200.00 199.66 160.00
10:22:43 200.00 199.35 -176.15
10:22:43 200.00 199.14 -152.31
10:22:43 200.00 199.00 -128.08
10:22:43 200.00 199.96 -103.85
10:22:43 200.00 200.61 -80.00
10:22:43 200.00 199.99 -56.15
10:22:43 200.00 199.57 -32.31
10:22:43 200.00 199.29 -8.46
10:22:43 200.00 199.10 15.77
10:22:43 200.00 200.03 40.00
10:22:43 200.00 200.66 63.85
10:22:43 200.00 200.02 87.69
10:22:43 200.00 199.59 111.15
10:22:43 200.00 198.24 135.39
10:22:43 200.00 199.46 159.23
10:22:43 200.00 199.21 -176.15
10:22:43 200.00 201.17 -151.92
10:22:43 200.00 201.42 -128.08
10:22:43 200.00 200.53 -104.61
10:22:44 200.00 198.87 -80.77
10:22:44 200.00 198.82 -56.54
10:22:44 200.00 199.84 -32.31
10:22:44 200.00 200.53 -8.08
10:22:44 200.00 200.99 15.77
10:22:44 200.00 200.24 39.62
10:22:44 200.00 199.74 63.46
10:22:44 200.00 199.40 87.69
10:22:44 200.00 200.23 111.92
10:22:44 200.00 200.79 136.15
10:22:44 200.00 201.16 160.39
10:22:44 200.00 201.41 -175.77
10:22:44 200.00 200.52 -152.31
10:22:44 200.00 198.87 -128.08
10:22:44 200.00 199.88 -103.85
10:22:44 200.00 200.55 -79.23
10:22:44 200.00 202.06 -55.00
10:22:44 200.00 202.02 -31.15
10:22:44 200.00 200.93 -7.31
10:22:44 200.00 200.20 16.54
10:22:44 200.00 199.71 40.77
10:22:44 200.00 200.44 65.39
10:22:44 200.00 201.99 89.23
10:22:44 200.00 200.91 113.08
10:22:44 200.00 200.19 136.54
10:22:44 200.00 198.64 160.39
10:22:44 200.00 198.67 -175.38
10:22:44 200.00 199.74 -151.15
10:22:44 200.00 200.46 -127.31
10:22:44 200.00 199.89 -103.46
10:22:44 200.00 199.50 -79.61
10:22:44 200.00 199.24 -55.77
10:22:44 200.00 199.07 -31.54
10:22:44 200.00 200.01 -7.31
10:22:44 200.00 200.64 16.92
10:22:44 200.00 201.06 40.77
10:22:44 200.00 200.29 64.23
10:22:44 200.00 198.71 88.08
10:22:44 200.00 198.72 112.31
10:22:44 200.00 199.77 136.54
10:22:44 200.00 200.48 160.77
10:22:44 200.00 200.96 -175.00
10:22:44 200.00 201.28 -151.15
10:22:44 200.00 200.43 -127.31
10:22:44 200.00 199.87 -103.08
10:22:44 200.00 200.55 -78.85
10:22:44 200.00 201.00 -54.23
10:22:44 200.00 202.36 -30.38
10:22:44 200.00 201.16 -6.54
10:22:44 200.00 200.35 17.31
10:22:45 200.00 199.81 41.15
10:22:45 200.00 199.45 65.39
10:22:45 200.00 200.27 89.62
10:22:45 200.00 200.81 113.85
10:22:45 200.00 201.18 138.08
10:22:45 200.00 201.43 161.54
10:22:45 200.00 199.47 -174.23
10:22:45 200.00 200.28 -150.38
10:22:45 200.00 199.77 -126.15
10:22:45 200.00 200.48 -101.92
10:22:45 200.00 200.95 -78.08
10:22:45 200.00 200.22 -54.23
10:22:45 200.00 199.72 -30.77
10:22:45 200.00 198.33 -6.54
10:22:45 200.00 199.52 17.69
10:22:45 200.00 200.31 41.92
10:22:45 200.00 200.84 66.15
10:22:45 200.00 201.20 90.00
10:22:45 200.00 200.38 113.85
10:22:45 200.00 199.83 138.08
10:22:45 200.00 200.52 162.31
10:22:45 200.00 200.98 -173.08
10:22:45 200.00 202.35 -148.85
10:22:45 200.00 202.21 -125.38
10:22:45 200.00 200.00 -101.54
10:22:45 200.00 199.58 -77.69
10:22:45 200.00 199.29 -53.46
10:22:45 200.00 200.16 -29.23
10:22:45 200.00 200.74 -5.38
10:22:45 200.00 200.07 18.46
10:22:45 200.00 199.63 42.31
10:22:45 200.00 199.33 66.15
10:22:45 200.00 199.13 90.00
10:22:45 200.00 198.99 114.23
10:22:45 200.00 199.96 138.46
10:22:45 200.00 200.61 162.31
10:22:45 200.00 199.98 -174.23
10:22:45 200.00 198.51 -150.38
10:22:45 200.00 198.58 -126.15
10:22:45 200.00 199.68 -101.92
10:22:45 200.00 200.42 -77.69
10:22:45 200.00 200.92 -53.46
10:22:45 200.00 201.25 -29.61
10:22:45 200.00 200.41 -5.77
10:22:45 200.00 199.85 18.46
10:22:45 200.00 200.54 42.69
10:22:45 200.00 200.99 67.31
10:22:45 200.00 202.36 91.15
10:22:45 200.00 201.16 115.00
10:22:45 200.00 200.35 138.85
10:22:46 200.00 199.81 162.69
10:22:46 200.00 199.45 -173.08
10:22:46 200.00 200.27 -148.85
10:22:46 200.00 200.81 -124.61
10:22:46 200.00 201.18 -100.77
10:22:46 200.00 200.37 -76.92
10:22:46 200.00 199.82 -53.08
10:22:46 200.00 199.46 -28.85
10:22:46 200.00 200.27 -4.61
10:22:46 200.00 200.82 19.23
10:22:46 200.00 200.12 43.46
10:22:46 200.00 200.72 66.92
10:22:46 200.00 199.00 90.77
10:22:46 200.00 198.91 115.00
10:22:46 200.00 199.90 138.85
10:22:46 200.00 199.51 163.08
10:22:46 200.00 200.31 -173.08
10:22:46 200.00 199.78 -149.61
10:22:46 200.00 198.37 -125.77
10:22:46 200.00 198.49 -101.54
10:22:46 200.00 199.62 -77.31
10:22:46 200.00 200.38 -53.08
10:22:46 200.00 200.89 -28.46
10:22:46 200.00 202.29 -4.61
10:22:46 200.00 201.11 19.23
10:22:46 200.00 200.32 43.08
10:22:46 200.00 199.79 67.31
10:22:46 200.00 200.50 91.92
10:22:46 200.00 202.02 116.15
10:22:46 200.00 201.99 140.00
10:22:46 200.00 200.91 163.85
10:22:46 200.00 200.19 -172.31
10:22:46 200.00 199.70 -148.08
10:22:46 200.00 200.44 -124.23
10:22:46 200.00 199.87 -100.00
10:22:46 200.00 200.55 -76.15
10:22:46 200.00 199.94 -52.31
10:22:46 200.00 199.54 -28.46
10:22:46 200.00 199.27 -4.61
10:22:46 200.00 199.09 19.62
10:22:46 200.00 200.02 43.85
10:22:46 200.00 200.65 67.69
10:22:46 200.00 200.01 91.15
10:22:46 200.00 198.53 115.00
10:22:46 200.00 198.59 138.85
10:22:46 200.00 198.63 163.08
10:22:46 200.00 199.72 -172.69
10:22:46 200.00 200.45 -148.46
10:22:46 200.00 200.93 -124.61
10:22:46 200.00 200.20 -100.77
10:22:47 200.00 199.71 -76.54
10:22:47 200.00 200.44 -52.31
10:22:47 200.00 200.93 -27.69
10:22:47 200.00 202.32 -3.46
10:22:47 200.00 202.19 20.39
10:22:47 200.00 201.04 43.85
10:22:47 200.00 199.22 68.08
10:22:47 200.00 200.11 91.92
10:22:47 200.00 199.65 116.54
10:22:47 200.00 201.46 140.77
10:22:47 200.00 201.61 164.62
10:22:47 200.00 200.66 -171.54
10:22:47 200.00 200.02 -148.08
10:22:47 200.00 198.53 -123.85
10:22:47 200.00 199.65 -100.00
10:22:47 200.00 199.34 -75.77
10:22:47 200.00 200.19 -51.54
10:22:47 200.00 200.76 -28.08
10:22:47 200.00 199.03 -4.23
10:22:47 200.00 198.93 20.00
10:22:47 200.00 199.92 44.23
10:22:47 200.00 200.58 68.46
10:22:47 200.00 201.02 92.69
10:22:47 200.00 201.32 116.54
10:22:47 200.00 200.46 140.39
10:22:47 200.00 199.89 164.23
10:22:47 200.00 199.50 -171.54
10:22:47 200.00 200.30 -147.31
10:22:47 200.00 200.84 -123.08
10:22:47 200.00 201.19 -99.61
10:22:47 200.00 199.32 -75.77
10:22:47 200.00 199.12 -52.31
10:22:47 200.00 197.93 -28.08
10:22:47 200.00 199.25 -3.85
10:22:47 200.00 200.13 20.00
10:22:47 200.00 199.66 44.23
10:22:47 200.00 200.41 67.69
10:22:47 200.00 198.79 91.54
10:22:47 200.00 198.77 115.77
10:22:47 200.00 199.81 140.39
10:22:47 200.00 201.56 164.62
10:22:47 200.00 201.68 -171.15
10:22:47 200.00 201.76 -147.31
10:22:47 200.00 200.76 -123.46
10:22:47 200.00 200.08 -99.23
10:22:47 200.00 200.69 -75.38
10:22:47 200.00 200.04 -51.15
10:22:47 200.00 200.66 -26.92
10:22:47 200.00 201.08 -3.08
10:22:47 200.00 200.30 20.39
10:22:48 200.00 198.72 44.62
10:22:48 200.00 199.78 68.85
10:22:48 200.00 200.49 93.08
10:22:48 200.00 200.96 117.31
10:22:48 200.00 201.28 141.54
10:22:48 200.00 201.49 165.00
10:22:48 200.00 199.52 -170.77
10:22:48 200.00 200.31 -146.54
10:22:48 200.00 200.84 -122.31
10:22:48 200.00 201.20 -98.08
10:22:48 200.00 201.44 -74.23
10:22:48 200.00 200.54 -50.38
10:22:48 200.00 199.94 -26.92
10:22:48 200.00 198.48 -2.69
10:22:48 200.00 199.62 21.54
10:22:48 200.00 200.38 45.77
10:22:48 200.00 200.89 70.00
10:22:48 200.00 201.23 93.85
10:22:48 200.00 200.40 117.69
10:22:48 200.00 199.85 141.92
10:22:48 200.00 200.53 166.54
10:22:48 200.00 202.05 -169.23
10:22:48 200.00 202.01 -145.00
10:22:48 200.00 201.98 -121.54
10:22:48 200.00 199.85 -97.69
10:22:48 200.00 199.47 -73.85
10:22:48 200.00 199.22 -49.61
10:22:48 200.00 200.11 -25.77
10:22:48 200.00 199.65 -1.54
10:22:48 200.00 200.40 22.31
10:22:48 200.00 199.85 45.77
10:22:48 200.00 198.42 69.62
10:22:48 200.00 198.52 93.85
10:22:48 200.00 199.64 118.08
10:22:48 200.00 200.39 142.31
10:22:48 200.00 200.90 166.15
10:22:48 200.00 200.18 -170.00
10:22:48 200.00 199.70 -146.15
10:22:48 200.00 199.37 -121.92
10:22:48 200.00 200.22 -97.69
10:22:48 200.00 200.78 -73.46
10:22:48 200.00 201.16 -49.23
10:22:48 200.00 201.41 -25.77
10:22:48 200.00 199.46 -1.92
10:22:48 200.00 199.22 21.92
10:22:48 200.00 199.05 46.15
10:22:48 200.00 200.00 70.39
10:22:48 200.00 200.63 94.62
10:22:48 200.00 201.06 118.08
10:22:48 200.00 199.23 141.92
10:22:49 200.00 199.06 165.77
10:22:49 200.00 198.95 -170.00
10:22:49 200.00 199.93 -145.77
10:22:49 200.00 200.59 -121.92
10:22:49 200.00 199.97 -98.08
10:22:49 200.00 199.56 -74.23
10:22:49 200.00 199.28 -50.38
10:22:49 200.00 199.09 -26.54
10:22:49 200.00 198.97 -2.31
10:22:49 200.00 199.94 21.92
10:22:49 200.00 200.60 45.77
10:22:49 200.00 199.98 69.23
10:22:49 200.00 198.50 93.08
10:22:49 200.00 198.57 117.31
10:22:49 200.00 199.68 141.54
10:22:49 200.00 200.42 165.77
10:22:49 200.00 200.92 -170.00
10:22:49 200.00 201.25 -146.15
10:22:49 200.00 200.41 -121.92
10:22:49 200.00 200.91 -98.08
10:22:49 200.00 200.19 -73.46
10:22:49 200.00 201.82 -49.23
10:22:49 200.00 201.85 -25.38
10:22:49 200.00 200.82 -1.54
10:22:49 200.00 200.13 21.92
10:22:49 200.00 198.60 45.77
10:22:49 200.00 198.64 70.00
10:22:49 200.00 199.72 94.23
10:22:49 200.00 200.45 118.46
10:22:49 200.00 200.94 142.31
10:22:49 200.00 200.20 166.15
10:22:49 200.00 199.71 -170.00
10:22:49 200.00 199.39 -145.77
10:22:49 200.00 200.22 -121.54
10:22:49 200.00 200.78 -97.31
10:22:49 200.00 201.16 -73.46
10:22:49 200.00 200.35 -49.61
10:22:49 200.00 199.81 -25.77
10:22:49 200.00 199.45 -1.54
10:22:49 200.00 200.27 22.31
10:22:49 200.00 199.76 46.92
10:22:49 200.00 201.53 70.77
10:22:49 200.00 200.60 94.23
10:22:49 200.00 198.92 118.08
10:22:49 200.00 198.85 141.92
10:22:49 200.00 198.81 165.77
10:22:49 200.00 198.78 -170.00
10:22:49 200.00 199.82 -145.77
10:22:49 200.00 200.51 -122.31
10:22:49 200.00 198.86 -98.46
10:22:50 200.00 198.81 -74.23
10:22:50 200.00 199.84 -50.00
10:22:50 200.00 200.53 -25.77
10:22:50 200.00 200.64 95.00
10:22:50 200.00 201.06 119.23
10:22:50 200.00 201.35 143.46
10:22:50 200.00 201.54 167.31
10:22:50 200.00 200.61 -169.23
10:22:50 200.00 198.93 -145.38
10:22:50 200.00 198.86 -121.15
10:22:50 200.00 199.87 -96.92
10:22:50 200.00 200.55 -72.69
10:22:50 200.00 201.00 -48.46
10:22:50 200.00 201.31 -24.61
10:22:50 200.00 200.45 -0.77
10:22:50 200.00 199.88 23.08
10:22:50 200.00 199.50 47.31
10:22:50 200.00 200.30 71.54
10:22:50 200.00 200.83 95.77
10:22:50 200.00 201.19 119.62
10:22:50 200.00 200.38 143.08
10:22:50 200.00 198.77 166.92
10:22:50 200.00 198.75 -168.85
10:22:50 200.00 199.80 -144.23
10:22:50 200.00 201.56 -120.00
10:22:50 200.00 201.68 -96.15
10:22:50 200.00 200.70 -72.31
10:22:50 200.00 200.05 -48.46
10:22:50 200.00 199.61 -24.61
10:22:50 200.00 199.31 -0.38
10:22:50 200.00 200.18 23.85
10:22:50 200.00 200.75 47.69
10:22:50 200.00 200.08 71.15
10:22:50 200.00 198.57 95.00
10:22:50 200.00 198.62 119.23
10:22:50 200.00 199.71 143.46
10:22:50 200.00 200.44 167.69
10:22:50 200.00 200.93 -168.46
10:22:50 200.00 200.20 -144.61
10:22:50 200.00 199.71 -120.77
10:22:50 200.00 199.38 -96.54
10:22:50 200.00 200.22 -72.31
10:22:50 200.00 200.78 -47.69
10:22:50 200.00 202.22 -23.85
10:22:50 200.00 201.06 0.00
10:22:50 200.00 200.29 23.85
10:22:51 200.00 199.77 47.69
10:22:51 200.00 199.42 71.92
10:22:51 200.00 200.25 96.15
10:22:51 200.00 200.80 120.39
10:22:51 200.00 201.17 144.62
10:22:51 200.00 201.42 168.08
10:22:51 200.00 199.47 -168.08
10:22:51 200.00 199.22 -143.85
10:22:51 200.00 200.11 -119.61
10:22:51 200.00 200.71 -95.38
10:22:51 200.00 201.11 -71.54
10:22:51 200.00 198.73 0.00
10:22:51 200.00 199.78 24.23
10:22:51 200.00 200.49 48.46
10:22:51 200.00 200.96 72.69
10:22:51 200.00 201.28 96.15
10:22:51 200.00 199.38 120.39
10:22:51 200.00 200.22 144.23
10:22:51 200.00 199.72 168.46
10:22:51 200.00 200.45 -167.31
10:22:51 200.00 200.94 -143.08
10:22:51 200.00 201.26 -119.23
10:22:51 200.00 200.42 -95.38
10:22:51 200.00 199.86 -71.54
10:22:51 200.00 199.48 -47.31
10:22:51 200.00 200.29 -23.08
10:22:51 200.00 200.83 1.15
10:22:51 200.00 201.19 25.00
10:22:51 200.00 200.37 48.85
10:22:51 200.00 199.83 72.69
10:22:51 200.00 199.46 96.92
10:22:51 200.00 200.27 120.77
10:22:51 200.00 199.76 145.00
10:22:51 200.00 200.47 168.85
10:22:51 200.00 199.89 -167.31
10:22:51 200.00 199.51 -143.46
10:22:51 200.00 199.25 -119.61
10:22:51 200.00 199.07 -95.38
10:22:51 200.00 200.01 -71.15
10:22:51 200.00 200.64 -47.31
10:22:51 200.00 200.01 -23.46
10:22:51 200.00 199.58 0.39
10:22:51 200.00 199.30 24.23
10:22:51 200.00 199.11 48.46
10:22:51 200.00 200.04 72.69
10:22:51 200.00 200.66 96.92
10:22:51 200.00 201.08 120.39
10:22:51 200.00 199.24 144.23
10:22:52 200.00 199.07 168.08
10:22:52 200.00 198.95 -168.08
10:22:52 200.00 198.87 -143.85
10:22:52 200.00 199.88 -119.61
10:22:52 200.00 200.55 -95.77
10:22:52 200.00 199.95 -72.31
10:22:52 200.00 198.48 -48.46
10:22:52 200.00 198.56 -24.23
10:22:52 200.00 199.67 0.00
10:22:52 200.00 200.41 24.62
10:22:52 200.00 201.97 48.46
10:22:52 200.00 200.90 72.31
10:22:52 200.00 200.18 96.15
10:22:52 200.00 199.70 120.39
10:22:52 200.00 200.43 144.62
10:22:52 200.00 200.92 168.46
10:22:52 200.00 200.20 -167.31
10:22:52 200.00 200.77 -143.85
10:22:52 200.00 199.03 -120.00
10:22:52 200.00 198.93 -96.15
10:22:52 200.00 198.86 -71.92
10:22:52 200.00 199.87 -47.69
10:22:52 200.00 200.55 -23.85
10:22:52 200.00 199.94 0.00
10:22:52 200.00 199.54 23.85
10:22:52 200.00 199.27 47.69
10:22:52 200.00 199.09 71.54
10:22:52 200.00 198.96 95.77
10:22:52 200.00 199.94 120.00
10:22:52 200.00 200.60 143.85
10:22:52 200.00 199.98 167.69
10:22:52 200.00 199.56 -168.46
10:22:52 200.00 199.28 -144.61
10:22:52 200.00 199.10 -120.38
10:22:52 200.00 200.03 -96.15
10:22:52 200.00 200.65 -72.31
10:22:52 200.00 200.02 -48.46
10:22:52 200.00 199.59 -24.61
10:22:52 200.00 199.30 -0.77
10:22:52 200.00 199.11 23.46
10:22:52 200.00 200.04 47.69
10:22:52 200.00 200.66 71.54
10:22:52 200.00 200.02 95.39
10:22:52 200.00 199.59 119.23
10:22:52 200.00 199.30 143.08
10:22:52 200.00 199.11 167.31
10:22:52 200.00 200.04 -168.46
10:22:52 200.00 200.66 -144.23
10:22:52 200.00 201.08 -120.38
10:22:52 200.00 200.30 -96.92
10:22:53 200.00 198.72 -73.08
10:22:53 200.00 198.72 -48.85
10:22:53 200.00 199.78 -24.61
10:22:53 200.00 200.48 -0.38
10:22:53 200.00 200.96 23.85
10:22:53 200.00 201.28 47.69
10:22:53 200.00 200.43 71.54
10:22:53 200.00 199.87 95.77
10:22:53 200.00 200.55 120.00
10:22:53 200.00 201.00 144.23
10:22:53 200.00 201.30 168.46
10:22:53 200.00 201.51 -168.08
10:22:53 200.00 199.53 -144.23
10:22:53 200.00 199.26 -120.00
10:22:53 200.00 200.14 -96.15
10:22:53 200.00 199.67 -71.92
10:22:53 200.00 200.41 -47.69
10:22:53 200.00 200.91 -24.23
10:22:53 200.00 199.13 -0.38
10:22:53 200.00 198.99 23.46
10:22:53 200.00 198.90 47.69
10:22:53 200.00 199.90 71.54
10:22:53 200.00 199.51 95.77
10:22:53 200.00 200.31 119.62
10:22:53 200.00 199.78 143.08
10:22:53 200.00 198.37 166.92
10:22:53 200.00 198.49 -168.85
10:22:53 200.00 199.62 -144.61
10:22:53 200.00 200.38 -120.38
10:22:53 200.00 200.89 -96.54
10:22:53 200.00 200.17 -72.69
10:22:53 200.00 199.69 -48.46
10:22:53 200.00 200.43 -24.23
10:22:53 200.00 200.92 0.00
10:22:53 200.00 201.25 24.62
10:22:53 200.00 202.53 48.46
10:22:53 200.00 201.27 72.31
10:22:53 200.00 200.43 96.15
10:22:53 200.00 199.86 120.39
10:22:53 200.00 200.54 144.62
10:22:53 200.00 201.00 168.85
10:22:53 200.00 201.30 -167.31
10:22:53 200.00 200.45 -143.46
10:22:53 200.00 199.88 -119.61
10:22:53 200.00 199.50 -95.38
10:22:53 200.00 200.30 -71.15
10:22:53 200.00 200.83 -46.92
10:22:53 200.00 201.19 -23.08
10:22:53 200.00 200.38 0.77
10:22:53 200.00 199.83 24.62
10:22:54 200.00 199.46 48.46
10:22:54 200.00 199.22 72.31
10:22:54 200.00 199.05 96.92
10:22:54 200.00 201.06 120.77
10:22:54 200.00 200.29 144.62
10:22:54 200.00 199.77 168.08
10:22:54 200.00 198.36 -168.46
10:22:54 200.00 197.42 -144.61
10:22:54 200.00 197.85 -120.38
10:22:54 200.00 199.19 -96.15
10:22:54 200.00 200.09 -72.31
10:22:54 200.00 199.64 -48.46
10:22:54 200.00 199.34 -25.00
10:22:54 200.00 198.07 -0.77
10:22:54 200.00 199.34 23.46
10:22:54 200.00 200.20 47.69
10:22:54 200.00 200.77 71.92
10:22:54 200.00 201.15 95.77
10:22:54 200.00 200.35 119.23
10:22:54 200.00 198.75 143.46
10:22:54 200.00 199.80 167.69
10:22:54 200.00 200.50 -167.69
10:22:54 200.00 202.03 -143.46
10:22:54 200.00 201.99 -119.23
10:22:54 200.00 201.97 -95.38
10:22:54 200.00 200.90 -71.54
10:22:54 200.00 200.18 -47.31
10:22:54 200.00 200.75 -23.08
10:22:54 200.00 201.14 1.54
10:22:54 200.00 202.46 25.39
10:22:54 200.00 201.22 48.85
10:22:54 200.00 199.34 72.69
10:22:54 200.00 199.13 96.54
10:22:54 200.00 199.00 120.77
10:22:54 200.00 199.96 145.00
10:22:54 200.00 200.61 168.85
10:22:54 200.00 199.99 -167.31
10:22:54 200.00 199.57 -143.46
10:22:54 200.00 199.29 -119.61
10:22:54 200.00 199.10 -95.38
10:22:54 200.00 200.03 -71.15
10:22:54 200.00 200.66 -46.92
10:22:54 200.00 201.07 -23.08
10:22:54 200.00 200.30 0.77
10:22:54 200.00 199.78 24.62
10:22:54 200.00 199.43 48.85
10:22:54 200.00 200.25 73.08
10:22:54 200.00 200.80 96.92
10:22:54 200.00 200.11 120.77
10:22:54 200.00 199.65 144.23
10:22:55 200.00 198.29 168.08
10:22:55 200.00 198.43 -167.69
10:22:55 200.00 199.58 -143.46
10:22:55 200.00 200.35 -119.23
10:22:55 200.00 200.87 -95.00
10:22:55 200.00 201.22 -71.15
10:22:55 200.00 200.39 -47.31
10:22:55 200.00 199.84 -23.08
10:22:55 200.00 200.53 1.15
10:22:55 200.00 200.99 25.39
10:22:55 200.00 201.30 49.62
10:22:55 200.00 201.50 73.46
10:22:55 200.00 200.58 97.31
10:22:55 200.00 199.97 121.15
10:22:55 200.00 199.56 145.39
10:22:55 200.00 200.34 169.62
10:22:55 200.00 200.86 -166.15
10:22:55 200.00 201.21 -142.31
10:22:55 200.00 200.39 -118.85
10:22:55 200.00 198.78 -94.61
10:22:55 200.00 199.82 -70.38
10:22:55 200.00 200.51 -46.15
10:22:55 200.00 200.98 -21.92
10:22:55 200.00 201.29 1.92
10:22:55 200.00 200.44 25.77
10:22:55 200.00 199.87 50.00
10:22:55 200.00 200.55 74.23
10:22:55 200.00 201.00 98.46
10:22:55 200.00 201.31 122.69
10:22:55 200.00 201.51 146.92
10:22:55 200.00 201.65 170.39
10:22:55 200.00 199.62 -165.77
10:22:55 200.00 199.32 -141.92
10:22:55 200.00 199.12 -117.69
10:22:55 200.00 200.05 -93.85
10:22:55 200.00 199.61 -69.61
10:22:55 200.00 200.37 -46.15
10:22:55 200.00 198.77 -22.31
10:22:55 200.00 198.75 1.54
10:22:55 200.00 198.74 25.77
10:22:55 200.00 199.79 50.39
10:22:55 200.00 201.55 74.62
10:22:55 200.00 201.67 98.08
10:22:55 200.00 199.64 121.92
10:22:55 200.00 199.34 145.77
10:22:55 200.00 199.13 170.00
10:22:55 200.00 200.05 -165.77
10:22:55 200.00 200.67 -141.92
10:22:55 200.00 200.03 -118.08
10:22:55 200.00 199.59 -94.61
10:22:56 200.00 198.25 -70.77
10:22:56 200.00 198.40 -46.54
10:22:56 200.00 199.56 -22.31
10:22:56 200.00 200.34 1.92
10:22:56 200.00 200.86 25.77
10:22:56 200.00 200.16 49.62
10:22:56 200.00 199.68 73.46
10:22:56 200.00 199.36 97.69
10:22:56 200.00 200.21 122.31
10:22:56 200.00 201.83 146.54
10:22:56 200.00 201.86 170.39
10:22:56 200.00 200.82 -165.77
10:22:56 200.00 200.13 -142.31
10:22:56 200.00 198.61 -118.46
10:22:56 200.00 198.64 -94.23
10:22:56 200.00 199.73 -70.00
10:22:56 200.00 200.45 -45.77
10:22:56 200.00 200.94 -21.92
10:22:56 200.00 200.20 1.54
10:22:56 200.00 198.66 25.77
10:22:56 200.00 199.73 50.00
10:22:56 200.00 200.46 74.62
10:22:56 200.00 202.00 98.85
10:22:56 200.00 201.97 123.08
10:22:56 200.00 201.96 146.92
10:22:56 200.00 200.89 170.77
10:22:56 200.00 200.17 -165.00
10:22:56 200.00 200.75 -140.77
10:22:56 200.00 201.14 -116.54
10:22:56 200.00 201.40 -92.69
10:22:56 200.00 200.51 -68.85
10:22:56 200.00 199.92 -45.00
10:22:56 200.00 199.52 -21.15
10:22:56 200.00 199.26 3.08
10:22:56 200.00 200.14 27.31
10:22:56 200.00 200.73 51.15
10:22:56 200.00 200.06 75.00
10:22:56 200.00 199.62 98.46
10:22:56 200.00 198.26 122.69
10:22:56 200.00 199.47 146.92
10:22:56 200.00 200.28 171.15
10:22:56 200.00 200.82 -164.61
10:22:56 200.00 201.19 -140.77
10:22:56 200.00 200.37 -116.92
10:22:56 200.00 199.83 -93.08
10:22:56 200.00 199.46 -68.46
10:22:56 200.00 201.33 -44.23
10:22:56 200.00 201.53 -20.00
10:22:56 200.00 201.66 3.46
10:22:56 200.00 199.63 27.31
10:22:57 200.00 199.33 50.77
10:22:57 200.00 198.07 75.00
10:22:57 200.00 199.34 98.85
10:22:57 200.00 199.14 123.08
10:22:57 200.00 200.06 146.92
10:22:57 200.00 199.61 170.77
10:22:57 200.00 199.32 -165.38
10:22:57 200.00 199.12 -141.54
10:22:57 200.00 198.99 -117.31
10:22:57 200.00 199.96 -93.08
10:22:57 200.00 200.61 -69.23
10:22:57 200.00 199.98 -45.38
10:22:57 200.00 199.57 -21.54
10:22:57 200.00 199.29 2.31
10:22:57 200.00 199.10 26.54
10:22:57 200.00 200.03 50.77
10:22:57 200.00 200.66 75.00
10:22:57 200.00 201.07 98.46
10:22:57 200.00 199.24 122.31
10:22:57 200.00 199.07 146.16
10:22:57 200.00 198.95 170.39
10:22:57 200.00 199.93 -165.38
10:22:57 200.00 200.59 -141.15
10:22:57 200.00 201.03 -117.69
10:22:57 200.00 199.21 -93.84
10:22:57 200.00 199.05 -70.00
10:22:57 200.00 198.94 -45.77
10:22:57 200.00 199.92 -21.92
10:22:57 200.00 199.53 2.31
10:22:57 200.00 200.32 26.16
10:22:57 200.00 199.79 49.62
10:22:57 200.00 198.38 73.46
10:22:57 200.00 198.49 97.69
10:22:57 200.00 199.62 121.92
10:22:57 200.00 200.38 146.16
10:22:57 200.00 200.89 170.00
10:22:57 200.00 200.17 -166.15
10:22:57 200.00 199.69 -142.31
10:22:57 200.00 199.37 -118.08
10:22:57 200.00 200.21 -93.84
10:22:57 200.00 200.78 -69.61
10:22:57 200.00 201.16 -45.38
10:22:57 200.00 201.41 -21.54
10:22:57 200.00 200.52 2.31
10:22:57 200.00 199.93 26.16
10:22:57 200.00 199.53 50.39
10:22:57 200.00 200.32 74.62
10:22:57 200.00 200.85 98.85
10:22:57 200.00 201.20 122.69
10:22:57 200.00 200.38 146.16
10:22:58 200.00 198.78 170.00
10:22:58 200.00 198.76 -165.77
10:22:58 200.00 199.80 -141.54
10:22:58 200.00 200.50 -116.92
10:22:58 200.00 202.03 -93.08
10:22:58 200.00 200.94 -69.23
10:22:58 200.00 200.20 -45.38
10:22:58 200.00 199.71 -21.15
10:22:58 200.00 200.44 3.08
10:22:58 200.00 200.93 27.31
10:22:58 200.00 201.26 51.16
10:22:58 200.00 200.42 74.62
10:22:58 200.00 198.80 98.46
10:22:58 200.00 198.77 122.31
10:22:58 200.00 198.76 146.54
10:22:58 200.00 199.80 171.16
10:22:58 200.00 201.56 -164.61
10:22:58 200.00 201.68 -140.77
10:22:58 200.00 200.70 -117.31
10:22:58 200.00 198.99 -93.46
10:22:58 200.00 198.90 -69.23
10:22:58 200.00 199.90 -45.00
10:22:58 200.00 200.57 -20.77
10:22:58 200.00 201.01 3.46
10:22:58 200.00 201.31 27.31
10:22:58 200.00 200.46 51.16
10:22:58 200.00 199.88 75.39
10:22:58 200.00 200.56 99.62
10:22:58 200.00 201.01 123.85
10:22:58 200.00 201.31 147.69
10:22:58 200.00 200.45 171.54
10:22:58 200.00 199.88 -164.61
10:22:58 200.00 199.50 -140.77
10:22:58 200.00 199.24 -116.54
10:22:58 200.00 200.13 -92.69
10:22:58 200.00 199.66 -68.46
10:22:58 200.00 200.41 -45.00
10:22:58 200.00 198.79 -21.54
10:22:58 200.00 197.71 2.69
10:22:58 200.00 199.10 26.92
10:22:58 200.00 200.03 51.16
10:22:58 200.00 200.66 75.77
10:22:58 200.00 202.13 99.62
10:22:58 200.00 201.01 123.85
10:22:58 200.00 201.31 147.69
10:22:58 200.00 200.45 172.31
10:22:58 200.00 202.00 -163.46
10:22:58 200.00 201.97 -139.23
10:22:58 200.00 201.96 -115.38
10:22:58 200.00 200.89 -91.54
10:22:59 200.00 200.17 -67.69
10:22:59 200.00 199.69 -43.84
10:22:59 200.00 199.37 -19.61
10:22:59 200.00 200.21 4.23
10:22:59 200.00 199.72 28.08
10:22:59 200.00 199.39 51.92
10:22:59 200.00 199.17 75.39
10:22:59 200.00 197.96 99.62
10:22:59 200.00 199.27 123.85
10:22:59 200.00 200.14 148.08
10:22:59 200.00 200.73 172.31
10:22:59 200.00 201.12 -164.23
10:22:59 200.00 199.27 -140.38
10:22:59 200.00 199.09 -116.15
10:22:59 200.00 200.02 -91.92
10:22:59 200.00 200.65 -67.69
10:22:59 200.00 201.07 -43.46
10:22:59 200.00 201.35 -19.61
10:22:59 200.00 200.48 3.85
10:22:59 200.00 198.84 27.69
10:22:59 200.00 198.80 51.92
10:22:59 200.00 199.83 76.16
10:22:59 200.00 200.52 100.39
10:22:59 200.00 200.98 124.62
10:22:59 200.00 201.29 148.46
10:22:59 200.00 200.44 172.31
10:22:59 200.00 199.87 -163.46
10:22:59 200.00 200.55 -139.23
10:22:59 200.00 201.00 -115.00
10:22:59 200.00 201.31 -91.15
10:22:59 200.00 200.45 -67.31
10:22:59 200.00 199.88 -43.46
10:22:59 200.00 199.50 -19.23
10:22:59 200.00 200.30 5.00
10:22:59 200.00 200.83 29.23
10:22:59 200.00 201.19 53.08
10:22:59 200.00 200.38 76.92
10:22:59 200.00 199.83 100.77
10:22:59 200.00 199.46 124.62
10:22:59 200.00 199.22 148.85
10:22:59 200.00 200.11 172.69
10:22:59 200.00 199.65 -163.08
10:22:59 200.00 200.40 -139.23
10:22:59 200.00 199.85 -115.77
10:22:59 200.00 198.42 -91.92
10:22:59 200.00 198.52 -67.69
10:22:59 200.00 199.64 -43.46
10:22:59 200.00 200.39 -19.23
10:22:59 200.00 200.90 4.62
10:22:59 200.00 200.18 28.46
10:23:00 200.00 199.70 52.69
10:23:00 200.00 200.43 76.92
10:23:00 200.00 200.92 101.16
10:23:00 200.00 201.25 125.39
10:23:00 200.00 201.47 149.23
10:23:00 200.00 200.56 172.69
10:23:00 200.00 198.90 -163.46
10:23:00 200.00 198.84 -139.61
10:23:00 200.00 198.80 -115.00
10:23:00 200.00 200.89 -90.77
10:23:00 200.00 201.23 -66.54
10:23:00 200.00 201.46 -42.31
10:23:00 200.00 201.61 -18.46
10:23:00 200.00 200.66 5.77
10:23:00 200.00 201.07 30.00
10:23:00 200.00 201.35 54.62
10:23:00 200.00 202.60 78.85
10:23:00 200.00 202.38 102.69
10:23:00 200.00 201.17 126.16
10:23:00 200.00 199.30 150.00
10:23:00 200.00 199.11 174.23
10:23:00 200.00 200.04 -161.54
10:23:00 200.00 200.66 -137.31
10:23:00 200.00 201.08 -113.84
10:23:00 200.00 199.24 -90.00
10:23:00 200.00 199.07 -66.15
10:23:00 200.00 198.95 -42.31
10:23:00 200.00 198.88 -18.08
10:23:00 200.00 199.88 6.16
10:23:00 200.00 200.55 30.00
10:23:00 200.00 199.95 53.85
10:23:00 200.00 199.54 77.69
10:23:00 200.00 199.27 101.54
10:23:00 200.00 199.09 125.77
10:23:00 200.00 200.02 150.00
10:23:00 200.00 200.65 174.23
10:23:00 200.00 201.07 -162.31
10:23:00 200.00 199.24 -138.46
10:23:00 200.00 199.07 -114.23
10:23:00 200.00 200.01 -90.38
10:23:00 200.00 199.58 -66.15
10:23:00 200.00 200.35 -41.92
10:23:00 200.00 200.87 -18.46
10:23:00 200.00 199.10 5.39
10:23:00 200.00 198.98 29.23
10:23:00 200.00 198.89 53.46
10:23:00 200.00 199.89 77.69
10:23:00 200.00 200.56 101.54
10:23:00 200.00 199.95 125.39
10:23:00 200.00 199.55 149.23
10:23:01 200.00 199.27 173.08
10:23:01 200.00 199.09 -162.69
10:23:01 200.00 200.02 -138.46
10:23:01 200.00 200.65 -114.61
10:23:01 200.00 200.01 -90.38
10:23:01 200.00 200.64 -66.92
10:23:01 200.00 198.95 -43.08
10:23:01 200.00 198.87 -18.84
10:23:01 200.00 199.88 5.39
10:23:01 200.00 200.55 29.62
10:23:01 200.00 201.01 53.85
10:23:01 200.00 201.31 78.08
10:23:01 200.00 201.51 101.92
10:23:01 200.00 200.59 126.16
10:23:01 200.00 201.65 -137.69
10:23:01 200.00 199.63 -113.84
10:23:01 200.00 199.33 -90.00
10:23:01 200.00 199.13 -66.15
10:23:01 200.00 198.99 -41.92
10:23:01 200.00 199.96 -18.08
10:23:01 200.00 199.55 5.77
10:23:01 200.00 199.28 29.23
10:23:01 200.00 198.03 53.08
10:23:01 200.00 198.26 77.31
10:23:01 200.00 199.47 101.54
10:23:01 200.00 200.28 125.39
10:23:01 200.00 199.76 149.62
10:23:01 200.00 200.48 173.46
10:23:01 200.00 199.90 -162.69
10:23:01 200.00 199.51 -138.46
10:23:01 200.00 200.30 -114.61
10:23:01 200.00 199.78 -90.00
10:23:01 200.00 201.55 -66.15
10:23:01 200.00 200.61 -42.31
10:23:01 200.00 199.99 -18.84
10:23:01 200.00 198.51 5.00
10:23:01 200.00 198.58 29.23
10:23:01 200.00 199.68 53.46
10:23:01 200.00 200.42 77.31
10:23:01 200.00 199.86 101.16
10:23:01 200.00 199.48 125.00
10:23:01 200.00 199.23 148.85
10:23:01 200.00 199.06 173.08
10:23:01 200.00 200.01 -162.69
10:23:01 200.00 200.64 -138.46
10:23:01 200.00 201.06 -114.61
10:23:01 200.00 200.29 -90.77
10:23:02 200.00 199.77 -67.31
10:23:02 200.00 198.37 -43.08
10:23:02 200.00 199.54 -18.84
10:23:02 200.00 200.33 5.39
10:23:02 200.00 200.85 29.23
10:23:02 200.00 200.15 53.08
10:23:02 200.00 199.68 76.92
10:23:02 200.00 199.36 101.16
10:23:02 200.00 200.21 125.77
10:23:02 200.00 201.83 150.00
10:23:02 200.00 201.86 174.23
10:23:02 200.00 201.88 -162.31
10:23:02 200.00 199.78 -138.46
10:23:02 200.00 199.43 -114.61
10:23:02 200.00 199.19 -90.38
10:23:02 200.00 200.10 -66.15
10:23:02 200.00 200.70 -42.31
10:23:02 200.00 200.04 -18.46
10:23:02 200.00 199.61 5.00
10:23:02 200.00 198.26 28.85
10:23:02 200.00 198.41 53.08
10:23:02 200.00 199.57 76.92
10:23:02 200.00 199.29 101.54
10:23:02 200.00 201.22 125.39
10:23:02 200.00 200.39 148.85
10:23:02 200.00 198.78 172.69
10:23:02 200.00 198.76 -163.08
10:23:02 200.00 199.80 -138.84
10:23:02 200.00 200.50 -114.61
10:23:02 200.00 200.97 -90.77
10:23:02 200.00 200.23 -66.92
10:23:02 200.00 199.73 -43.08
10:23:02 200.00 199.40 -19.23
10:23:02 200.00 199.17 5.00
10:23:02 200.00 200.08 29.23
10:23:02 0.00 200.69 24.23
10:23:02 0.00 201.10 38.46
10:23:02 0.00 173.87 39.62
10:23:02 0.00 119.67 38.46
10:23:02 0.00 77.00 39.23
10:23:02 0.00 53.71 42.69
10:23:02 0.00 45.50 48.85
10:23:02 0.00 47.41 7.69
10:23:02 0.00 52.92 16.15
10:23:02 0.00 58.72 24.23
10:23:02 0.00 61.56 31.54
10:23:02 0.00 61.34 38.08
10:23:02 0.00 59.08 43.85
10:23:02 0.00 55.45 48.85
10:23:02 0.00 50.90 53.46
10:23:03 0.00 46.80 58.08
10:23:03 0.00 44.05 62.31
10:23:03 0.00 41.14 66.92
10:23:03 0.00 40.26 71.15
10:23:03 0.00 38.61 75.00
10:23:03 0.00 36.44 78.85
10:23:03 0.00 34.99 82.69
10:23:03 0.00 34.02 86.15
10:23:03 0.00 32.31 89.62
10:23:03 0.00 31.17 92.69
10:23:03 0.00 29.35 95.77
10:23:03 0.00 28.12 98.85
10:23:03 0.00 27.30 101.54
10:23:03 0.00 25.70 103.85
10:23:03 0.00 23.56 106.15
10:23:03 0.00 22.13 108.08
10:23:03 0.00 20.12 109.62
10:23:03 0.00 17.71 111.15
10:23:03 0.00 16.10 113.08
10:23:03 0.00 16.07 115.00
10:23:03 0.00 16.06 116.92
10:23:03 0.00 16.05 118.08
10:23:03 0.00 13.92 118.46
10:23:03 0.00 10.39 119.62
10:23:03 0.00 10.13 121.15
10:23:03 0.00 11.02 122.69
10:23:03 0.00 11.61 123.85
10:23:03 0.00 10.95 124.62
10:23:03 0.00 9.45 125.77
10:23:03 0.00 9.51 126.92
10:23:03 0.00 9.54 128.46
10:23:03 0.00 10.62 130.00
10:23:03 0.00 11.35 131.54
10:23:03 0.00 11.83 132.31
10:23:03 0.00 10.04 133.08
10:23:03 0.00 8.85 133.85
10:23:03 0.00 8.04 134.23
10:23:03 0.00 6.45 134.23
10:23:03 0.00 4.32 134.23
10:23:03 0.00 2.89 134.23
10:23:03 0.00 1.94 134.23
10:23:03 0.00 1.30 134.23
10:23:03 0.00 0.87 134.23
10:23:03 0.00 0.58 134.23
10:23:03 0.00 0.39 134.23
10:23:03 0.00 0.26 134.23
10:23:03 0.00 0.18 134.23
10:23:03 0.00 0.12 134.23
10:23:03 0.00 0.08 134.23
10:23:03 0.00 0.05 134.23
10:23:04 0.00 0.04 134.23
10:23:04 0.00 0.02 134.23
10:23:04 0.00 0.02 134.23
10:23:04 0.00 0.01 134.23
10:23:04 0.00 0.01 134.23
10:23:04 0.00 0.00 134.23
10:23:04 0.00 0.00 134.23
10:23:04 0.00 0.00 134.23
10:23:04 0.00 0.00 134.23
10:23:04 0.00 0.00 134.23
10:23:04 0.00 0.00 134.23
10:23:04 0.00 0.00 134.23
10:23:04 0.00 0.00 134.23
10:23:04 0.00 0.00 134.23
10:23:04 0.00 0.00 134.23
10:23:04 0.00 0.00 134.23
10:23:04 0.00 0.00 134.23
10:23:04 0.00 0.00 134.23
10:23:04 0.00 0.00 134.23
10:23:04 0.00 0.00 134.23
10:23:04 0.00 0.00 134.23
10:23:04 0.00 0.00 134.23
10:23:04 0.00 0.00 134.23
10:23:04 0.00 0.00 134.23
10:23:04 0.00 0.00 134.23
10:23:04 0.00 0.00 134.23
10:23:04 0.00 0.00 134.23
10:23:04 0.00 0.00 134.23
10:23:04 0.00 0.00 134.23
10:23:04 0.00 0.00 134.23
10:23:04 0.00 0.00 134.23
10:23:04 0.00 0.00 134.23
10:23:04 0.00 0.00 134.23
10:23:04 0.00 0.00 134.23
10:23:04 0.00 0.00 134.23
10:23:04 0.00 0.00 134.23
10:23:04 0.00 0.00 134.23
10:23:04 0.00 0.00 134.23
10:23:04 0.00 0.00 134.23
10:23:04 0.00 0.00 134.23
10:23:04 0.00 0.00 134.23
10:23:04 0.00 0.00 134.23
10:23:04 0.00 0.00 134.23
10:23:04 0.00 0.00 134.23
10:23:04 0.00 0.00 134.23
10:23:04 0.00 0.00 134.23
10:23:04 0.00 0.00 134.23
10:23:04 0.00 0.00 134.23
10:23:04 0.00 0.00 134.23
10:23:04 0.00 0.00 134.23
10:23:05 0.00 0.00 134.23
10:23:05 0.00 0.00 134.23
10:23:05 0.00 0.00 134.23
10:23:05 0.00 0.00 134.23
10:23:05 0.00 0.00 134.23
10:23:05 0.00 0.00 134.23
10:23:05 0.00 0.00 134.23
10:23:05 0.00 0.00 134.23
10:23:05 0.00 0.00 134.23
10:23:05 0.00 0.00 134.23
10:23:05 0.00 0.00 134.23
10:23:05 0.00 0.00 134.23
10:23:05 0.00 0.00 134.23
10:23:05 0.00 0.00 134.23
10:23:05 0.00 0.00 134.23
10:23:05 0.00 0.00 134.23
10:23:05 0.00 0.00 134.23
10:23:05 0.00 0.00 134.23
10:23:05 0.00 0.00 134.23
10:23:05 0.00 0.00 134.23
10:23:05 0.00 0.00 134.23
10:23:05 0.00 0.00 134.23
10:23:05 0.00 0.00 134.23
10:23:05 0.00 0.00 134.23
10:23:05 0.00 0.00 134.23
10:23:05 0.00 0.00 134.23
10:23:05 0.00 0.00 134.23
10:23:05 0.00 0.00 134.23
10:23:05 0.00 0.00 134.23
10:23:05 0.00 0.00 134.23
10:23:05 0.00 0.00 134.23
10:23:05 0.00 0.00 134.23
10:23:05 0.00 0.00 134.23
10:23:05 0.00 0.00 134.23
10:23:05 0.00 0.00 134.23
10:23:05 0.00 0.00 134.23
10:23:05 0.00 0.00 134.23
10:23:05 0.00 0.00 134.23
10:23:05 0.00 0.00 134.23
10:23:05 0.00 0.00 134.23
10:23:05 0.00 0.00 134.23
10:23:05 0.00 0.00 134.23
10:23:05 0.00 0.00 134.23
10:23:05 0.00 0.00 134.23
10:23:05 0.00 0.00 134.23
10:23:05 0.00 0.00 134.23
10:23:05 0.00 0.00 134.23
10:23:05 0.00 0.00 134.23
10:23:05 0.00 0.00 134.23
10:23:05 0.00 0.00 134.23
10:23:06 0.00 0.00 134.23
10:23:06 0.00 0.00 134.23
10:23:06 0.00 0.00 134.23
10:23:06 0.00 0.00 134.23
10:23:06 0.00 0.00 134.23
10:23:06 0.00 0.00 134.23
10:23:06 0.00 0.00 134.23
10:23:06 0.00 0.00 134.23
10:23:06 0.00 0.00 134.23
10:23:06 0.00 0.00 134.23
10:23:06 0.00 0.00 134.23
10:23:06 0.00 0.00 134.23
10:23:06 0.00 0.00 134.23
10:23:06 0.00 0.00 134.23
10:23:06 0.00 0.00 134.23
10:23:06 0.00 0.00 134.23
10:23:06 0.00 0.00 134.23
10:23:06 0.00 0.00 134.23
10:23:06 0.00 0.00 134.23
10:23:06 0.00 0.00 134.23
10:23:06 0.00 0.00 134.23
10:23:06 0.00 0.00 134.23
10:23:06 0.00 0.00 134.23
10:23:06 0.00 0.00 0.00
10:23:06 0.00 0.00 0.00
10:23:06 0.00 0.00 0.00
10:23:06 0.00 0.00 0.00
10:23:06 0.00 0.00 0.00
10:23:06 0.00 0.00 0.00
10:23:06 0.00 0.00 0.00
10:23:06 0.00 0.00 0.00
10:23:06 0.00 0.00 0.00
10:23:06 0.00 0.00 0.00
10:23:06 0.00 0.00 0.00
10:23:06 0.00 0.00 0.00
10:23:06 0.00 0.00 0.00
10:23:06 0.00 0.00 0.00
10:23:06 0.00 0.00 0.00
10:23:06 0.00 0.00 0.00
10:23:06 0.00 0.00 0.00
10:23:06 0.00 0.00 0.00
10:23:06 0.00 0.00 0.00
10:23:06 0.00 0.00 0.00
10:23:06 0.00 0.00 0.00
10:23:06 0.00 0.00 0.00
10:23:06 0.00 0.00 0.00
10:23:06 0.00 0.00 0.00
10:23:06 0.00 0.00 0.00
10:23:06 0.00 0.00 0.00
10:23:06 0.00 0.00 0.00
10:23:07 0.00 0.00 0.00
10:23:07 0.00 0.00 0.00
10:23:07 0.00 0.00 0.00
10:23:07 0.00 0.00 0.00
10:23:07 0.00 0.00 0.00
10:23:07 0.00 0.00 0.00
10:23:07 0.00 0.00 0.00
10:23:07 0.00 0.00 0.00
10:23:07 0.00 0.00 0.00
10:23:07 0.00 0.00 0.00
10:23:07 0.00 0.00 0.00
10:23:07 0.00 0.00 0.00
10:23:07 0.00 0.00 0.00
10:23:07 0.00 0.00 0.00
10:23:07 0.00 0.00 0.00
10:23:07 0.00 0.00 0.00
10:23:07 0.00 0.00 0.00
10:23:07 0.00 0.00 0.00
10:23:07 0.00 0.00 0.00
10:23:07 0.00 0.00 0.00
10:23:07 0.00 0.00 0.00
10:23:07 0.00 0.00 0.00
10:23:07 0.00 0.00 0.00
10:23:07 0.00 0.00 0.00
10:23:07 0.00 0.00 0.00
10:23:07 0.00 0.00 0.00
10:23:07 0.00 0.00 0.00
10:23:07 0.00 0.00 0.00
10:23:07 0.00 0.00 0.00
10:23:07 0.00 0.00 0.00
10:23:07 0.00 0.00 0.00
10:23:07 0.00 0.00 0.00
10:23:07 0.00 0.00 0.00
10:23:07 0.00 0.00 0.00
10:23:07 0.00 0.00 0.00
10:23:07 0.00 0.00 0.00
10:23:07 0.00 0.00 0.00
10:23:07 0.00 0.00 0.00
10:23:07 0.00 0.00 0.00
10:23:07 0.00 0.00 0.00
10:23:07 0.00 0.00 0.00
10:23:07 0.00 0.00 0.00
10:23:07 0.00 0.00 0.00
10:23:07 0.00 0.00 0.00
10:23:07 0.00 0.00 0.00
10:23:07 0.00 0.00 0.00
10:23:07 0.00 0.00 0.00
10:23:07 0.00 0.00 0.00
10:23:07 0.00 0.00 0.00
10:23:07 0.00 0.00 0.00
10:23:08 0.00 0.00 0.00
10:23:08 0.00 0.00 0.00
10:23:08 0.00 0.00 0.00
10:23:08 0.00 0.00 0.00
10:23:08 0.00 0.00 0.00
10:23:08 0.00 0.00 0.00
10:23:08 0.00 0.00 0.00
10:23:08 0.00 0.00 0.00
10:23:08 0.00 0.00 0.00
10:23:08 0.00 0.00 0.00
10:23:08 0.00 0.00 0.00
10:23:08 0.00 0.00 0.00
10:23:08 0.00 0.00 0.00
10:23:08 0.00 0.00 0.00
10:23:08 0.00 0.00 0.00
10:23:08 0.00 0.00 0.00
10:23:08 0.00 0.00 0.00
10:23:08 0.00 0.00 0.00
10:23:08 0.00 0.00 0.00
10:23:08 0.00 0.00 0.00
10:23:08 0.00 0.00 0.00
10:23:08 0.00 0.00 0.00
10:23:08 0.00 0.00 0.00
10:23:08 0.00 0.00 0.00
10:23:08 0.00 0.00 0.00
10:23:08 0.00 0.00 0.00
10:23:08 0.00 0.00 0.00
10:23:08 0.00 0.00 0.00
10:23:08 0.00 0.00 0.00
10:23:08 0.00 0.00 0.00
10:23:08 0.00 0.00 0.00
10:23:08 0.00 0.00 0.00
10:23:08 0.00 0.00 0.00
10:23:08 0.00 0.00 0.00
10:23:08 0.00 0.00 0.00
10:23:08 0.00 0.00 0.00
10:23:08 0.00 0.00 0.00
10:23:08 0.00 0.00 0.00
10:23:08 0.00 0.00 0.00
10:23:08 0.00 0.00 0.00
10:23:08 0.00 0.00 0.00
10:23:08 0.00 0.00 0.00
10:23:08 0.00 0.00 0.00
10:23:08 0.00 0.00 0.00
10:23:08 0.00 0.00 0.00
10:23:08 0.00 0.00 0.00
10:23:08 0.00 0.00 0.00
10:23:08 0.00 0.00 0.00
10:23:08 0.00 0.00 0.00
10:23:08 0.00 0.00 0.00
10:23:09 0.00 0.00 0.00
10:23:09 0.00 0.00 0.00
10:23:09 0.00 0.00 0.00
10:23:09 0.00 0.00 0.00
10:23:09 0.00 0.00 0.00
10:23:09 0.00 0.00 0.00
10:23:09 0.00 0.00 0.00
10:23:09 0.00 0.00 0.00
10:23:09 0.00 0.00 0.00
10:23:09 0.00 0.00 0.00
10:23:09 0.00 0.00 0.00
10:23:09 0.00 0.00 0.00
10:23:09 0.00 0.00 0.00
10:23:09 0.00 0.00 0.00
10:23:09 0.00 0.00 0.00
10:23:09 0.00 0.00 0.00
10:23:09 0.00 0.00 0.00
10:23:09 0.00 0.00 0.00
10:23:09 0.00 0.00 0.00
10:23:09 0.00 0.00 0.00
10:23:09 0.00 0.00 0.00
10:23:09 0.00 0.00 0.00
10:23:09 0.00 0.00 0.00
10:23:09 0.00 0.00 0.00
10:23:09 0.00 0.00 0.00
10:23:09 0.00 0.00 0.00
10:23:09 0.00 0.00 0.00
10:23:09 0.00 0.00 0.00
10:23:09 0.00 0.00 0.00
10:23:09 0.00 0.00 0.00
10:23:09 0.00 0.00 0.00
10:23:09 0.00 0.00 0.00
10:23:09 0.00 0.00 0.00
10:23:09 0.00 0.00 0.00
10:23:09 0.00 0.00 0.00
10:23:09 0.00 0.00 0.00
10:23:09 0.00 0.00 0.00
10:23:09 0.00 0.00 0.00
10:23:09 0.00 0.00 0.00
10:23:09 0.00 0.00 0.00
10:23:09 0.00 0.00 0.00
10:23:09 0.00 0.00 0.00
10:23:09 0.00 0.00 0.00
10:23:09 0.00 0.00 0.00
10:23:09 0.00 0.00 0.00
10:23:09 0.00 0.00 0.00
10:23:09 0.00 0.00 0.00
10:23:09 0.00 0.00 0.00
10:23:09 0.00 0.00 0.00
10:23:09 0.00 0.00 0.00
10:23:10 0.00 0.00 0.00
10:23:10 0.00 0.00 0.00
10:23:10 0.00 0.00 0.00
10:23:10 0.00 0.00 0.00
10:23:10 0.00 0.00 0.00
10:23:10 0.00 0.00 0.00
10:23:10 0.00 0.00 0.00
10:23:10 0.00 0.00 0.00
10:23:10 0.00 0.00 0.00
10:23:10 0.00 0.00 0.00
10:23:10 0.00 0.00 0.00
10:23:10 0.00 0.00 0.00
10:23:10 0.00 0.00 0.00
10:23:10 0.00 0.00 0.00
10:23:10 0.00 0.00 0.00
10:23:10 0.00 0.00 0.00
10:23:10 0.00 0.00 0.00
10:23:10 0.00 0.00 0.00
10:23:10 0.00 0.00 0.00
10:23:10 0.00 0.00 0.00
10:23:10 0.00 0.00 0.00
10:23:10 0.00 0.00 0.00
10:23:10 0.00 0.00 0.00
10:23:10 0.00 0.00 0.00
10:23:10 0.00 0.00 0.00
10:23:10 0.00 0.00 0.00
10:23:10 0.00 0.00 0.00
10:23:10 0.00 0.00 0.00
10:23:10 0.00 0.00 0.00
10:23:10 0.00 0.00 0.00
10:23:10 0.00 0.00 0.00
10:23:10 0.00 0.00 0.00
10:23:10 0.00 0.00 0.00
10:23:10 0.00 0.00 0.00
10:23:10 0.00 0.00 0.00
10:23:10 0.00 0.00 0.00
10:23:10 0.00 0.00 0.00
10:23:10 0.00 0.00 0.00
10:23:10 0.00 0.00 0.00
10:23:10 0.00 0.00 0.00
10:23:10 0.00 0.00 0.00
10:23:10 0.00 0.00 0.00
10:23:10 0.00 0.00 0.00
10:23:10 0.00 0.00 0.00
10:23:10 0.00 0.00 0.00
10:23:10 0.00 0.00 0.00
10:23:10 0.00 0.00 0.00
10:23:10 0.00 0.00 0.00
10:23:10 0.00 0.00 0.00
10:23:10 0.00 0.00 0.00
10:23:11 0.00 0.00 0.00
10:23:11 0.00 0.00 0.00
10:23:11 0.00 0.00 0.00
10:23:11 0.00 0.00 0.00
10:23:11 0.00 0.00 0.00
10:23:11 0.00 0.00 0.00
10:23:11 0.00 0.00 0.00
10:23:11 0.00 0.00 0.00
10:23:11 0.00 0.00 0.00
10:23:11 0.00 0.00 0.00
10:23:11 0.00 0.00 0.00
10:23:11 0.00 0.00 0.00
10:23:11 0.00 0.00 0.00
10:23:11 0.00 0.00 0.00
10:23:11 0.00 0.00 0.00
10:23:11 0.00 0.00 0.00
10:23:11 0.00 0.00 0.00
10:23:11 0.00 0.00 0.00
10:23:11 0.00 0.00 0.00
10:23:11 0.00 0.00 0.00
10:23:11 0.00 0.00 0.00
10:23:11 0.00 0.00 0.00
10:23:11 0.00 0.00 0.00
10:23:11 0.00 0.00 0.00
10:23:11 0.00 0.00 0.00
10:23:11 0.00 0.00 0.00
10:23:11 0.00 0.00 0.00
10:23:11 0.00 0.00 0.00
10:23:11 0.00 0.00 0.00
10:23:11 0.00 0.00 0.00
10:23:11 0.00 0.00 0.00
10:23:11 0.00 0.00 0.00
10:23:11 0.00 0.00 0.00
10:23:11 0.00 0.00 0.00
10:23:11 0.00 0.00 0.00
10:23:11 0.00 0.00 0.00
10:23:11 0.00 0.00 0.00
10:23:11 0.00 0.00 0.00
10:23:11 0.00 0.00 0.00
10:23:11 0.00 0.00 0.00
10:23:11 0.00 0.00 0.00
10:23:11 0.00 0.00 0.00
10:23:11 0.00 0.00 0.00
10:23:11 0.00 0.00 0.00
10:23:11 0.00 0.00 0.00
10:23:11 0.00 0.00 0.00
10:23:11 0.00 0.00 0.00
10:23:11 0.00 0.00 0.00
10:23:11 0.00 0.00 0.00
10:23:11 0.00 0.00 0.00
10:23:12 0.00 0.00 0.00
10:23:12 0.00 0.00 0.00
10:23:12 0.00 0.00 0.00
10:23:12 0.00 0.00 0.00
10:23:12 0.00 0.00 0.00
10:23:12 0.00 0.00 0.00
10:23:12 0.00 0.00 0.00
10:23:12 0.00 0.00 0.00
10:23:12 0.00 0.00 0.00
10:23:12 0.00 0.00 0.00
10:23:12 0.00 0.00 0.00
10:23:12 0.00 0.00 0.00
10:23:12 0.00 0.00 0.00
10:23:12 0.00 0.00 0.00
10:23:12 0.00 0.00 0.00
10:23:12 0.00 0.00 0.00
10:23:12 0.00 0.00 0.00
10:23:12 0.00 0.00 0.00
10:23:12 0.00 0.00 0.00
10:23:12 0.00 0.00 0.00
10:23:12 0.00 0.00 0.00
10:23:12 0.00 0.00 0.00
10:23:12 0.00 0.00 0.00
10:23:12 0.00 0.00 0.00
10:23:12 0.00 0.00 0.00
10:23:12 0.00 0.00 0.00
10:23:12 0.00 0.00 0.00
10:23:12 0.00 0.00 0.00
10:23:12 0.00 0.00 0.00
10:23:12 0.00 0.00 0.00
10:23:12 0.00 0.00 0.00
10:23:12 0.00 0.00 0.00
10:23:12 0.00 0.00 0.00
10:23:12 0.00 0.00 0.00
10:23:12 0.00 0.00 0.00
10:23:12 0.00 0.00 0.00
10:23:12 0.00 0.00 0.00
10:23:12 0.00 0.00 0.00
10:23:12 0.00 0.00 0.00
10:23:12 0.00 0.00 0.00
10:23:12 0.00 0.00 0.00
10:23:12 0.00 0.00 0.00
10:23:12 0.00 0.00 0.00
10:23:12 0.00 0.00 0.00
10:23:12 0.00 0.00 0.00
10:23:12 0.00 0.00 0.00
10:23:12 0.00 0.00 0.00
10:23:13 0.00 0.00 0.00
10:23:13 0.00 0.00 0.00
10:23:13 0.00 0.00 0.00
10:23:13 0.00 0.00 0.00
10:23:13 0.00 0.00 0.00
10:23:13 0.00 0.00 0.00
10:23:13 0.00 0.00 0.00
10:23:13 0.00 0.00 0.00
10:23:13 0.00 0.00 0.00
10:23:13 0.00 0.00 0.00
10:23:13 0.00 0.00 0.00
10:23:13 0.00 0.00 0.00
10:23:13 0.00 0.00 0.00
10:23:13 0.00 0.00 0.00
10:23:13 0.00 0.00 0.00
10:23:13 0.00 0.00 0.00
10:23:13 0.00 0.00 0.00
10:23:13 0.00 0.00 0.00
10:23:13 0.00 0.00 0.00
10:23:13 0.00 0.00 0.00
10:23:13 0.00 0.00 0.00
10:23:13 0.00 0.00 0.00
10:23:13 0.00 0.00 0.00
10:23:13 0.00 0.00 0.00
10:23:13 0.00 0.00 0.00
10:23:13 0.00 0.00 0.00
10:23:13 0.00 0.00 0.00
10:23:13 0.00 0.00 0.00
10:23:13 0.00 0.00 0.00
10:23:13 0.00 0.00 0.00
10:23:13 0.00 0.00 0.00
10:23:13 0.00 0.00 0.00
10:23:13 0.00 0.00 0.00
10:23:13 0.00 0.00 0.00
10:23:13 0.00 0.00 0.00
10:23:13 0.00 0.00 0.00
10:23:13 0.00 0.00 0.00
10:23:13 0.00 0.00 0.00
10:23:13 0.00 0.00 0.00
10:23:13 0.00 0.00 0.00
10:23:13 0.00 0.00 0.00
10:23:13 0.00 0.00 0.00
10:23:13 0.00 0.00 0.00
10:23:13 0.00 0.00 0.00
10:23:13 0.00 0.00 0.00
10:23:13 0.00 0.00 0.00
10:23:13 0.00 0.00 0.00
10:23:13 0.00 0.00 0.00
10:23:13 0.00 0.00 0.00
10:23:13 0.00 0.00 0.00
10:23:14 0.00 0.00 0.00
10:23:14 0.00 0.00 0.00
10:23:14 0.00 0.00 0.00
10:23:14 0.00 0.00 0.00
10:23:14 0.00 0.00 0.00
10:23:14 0.00 0.00 0.00
10:23:14 0.00 0.00 0.00
10:23:14 0.00 0.00 0.00
10:23:14 0.00 0.00 0.00
10:23:14 0.00 0.00 0.00
10:23:14 0.00 0.00 0.00
10:23:14 0.00 0.00 0.00
10:23:14 0.00 0.00 0.00
10:23:14 0.00 0.00 0.00
10:23:14 0.00 0.00 0.00
10:23:14 0.00 0.00 0.00
10:23:14 0.00 0.00 0.00
10:23:14 0.00 0.00 0.00
10:23:14 0.00 0.00 0.00
10:23:14 0.00 0.00 0.00
10:23:14 0.00 0.00 0.00
10:23:14 0.00 0.00 0.00
10:23:14 0.00 0.00 0.00
10:23:14 0.00 0.00 0.00
10:23:14 0.00 0.00 0.00
10:23:14 0.00 0.00 0.00
10:23:14 0.00 0.00 0.00
10:23:14 0.00 0.00 0.00
10:23:14 0.00 0.00 0.00
10:23:14 0.00 0.00 0.00
10:23:14 0.00 0.00 0.00
10:23:14 0.00 0.00 0.00
10:23:14 0.00 0.00 0.00
10:23:14 0.00 0.00 0.00
10:23:14 0.00 0.00 0.00
10:23:14 0.00 0.00 0.00
10:23:14 0.00 0.00 0.00
10:23:14 0.00 0.00 0.00
10:23:14 0.00 0.00 0.00
10:23:14 0.00 0.00 0.00
10:23:14 0.00 0.00 0.00
10:23:14 0.00 0.00 0.00
10:23:14 0.00 0.00 0.00
10:23:14 0.00 0.00 0.00
10:23:14 0.00 0.00 0.00
10:23:14 0.00 0.00 0.00
10:23:14 0.00 0.00 0.00
10:23:14 0.00 0.00 0.00
10:23:14 0.00 0.00 0.00
10:23:14 0.00 0.00 0.00
10:23:15 0.00 0.00 0.00
10:23:15 0.00 0.00 0.00
10:23:15 0.00 0.00 0.00
10:23:15 0.00 0.00 0.00
10:23:15 0.00 0.00 0.00
10:23:15 0.00 0.00 0.00
10:23:15 0.00 0.00 0.00
10:23:15 0.00 0.00 0.00
10:23:15 0.00 0.00 0.00
10:23:15 0.00 0.00 0.00
10:23:15 0.00 0.00 0.00
10:23:15 0.00 0.00 0.00
10:23:15 0.00 0.00 0.00
10:23:15 0.00 0.00 0.00
10:23:15 0.00 0.00 0.00
10:23:15 0.00 0.00 0.00
10:23:15 0.00 0.00 0.00
10:23:15 0.00 0.00 0.00
10:23:15 0.00 0.00 0.00
10:23:15 0.00 0.00 0.00
10:23:15 0.00 0.00 0.00
10:23:15 0.00 0.00 0.00
10:23:15 0.00 0.00 0.00
10:23:15 0.00 0.00 0.00
10:23:15 0.00 0.00 0.00
10:23:15 0.00 0.00 0.00
10:23:15 0.00 0.00 0.00
10:23:15 0.00 0.00 0.00
10:23:15 0.00 0.00 0.00
10:23:15 0.00 0.00 0.00
10:23:15 0.00 0.00 0.00
10:23:15 0.00 0.00 0.00
10:23:15 0.00 0.00 0.00
10:23:15 0.00 0.00 0.00
10:23:15 0.00 0.00 0.00
10:23:15 0.00 0.00 0.00
10:23:15 0.00 0.00 0.00
10:23:15 0.00 0.00 0.00
10:23:15 0.00 0.00 0.00
10:23:15 0.00 0.00 0.00
10:23:15 0.00 0.00 0.00
10:23:15 0.00 0.00 0.00
10:23:15 0.00 0.00 0.00
10:23:15 0.00 0.00 0.00
10:23:15 0.00 0.00 0.00
10:23:15 0.00 0.00 0.00
10:23:15 0.00 0.00 0.00
10:23:15 0.00 0.00 0.00
10:23:15 0.00 0.00 0.00
10:23:15 0.00 0.00 0.00
10:23:16 0.00 0.00 0.00
10:23:16 0.00 0.00 0.00
10:23:16 0.00 0.00 0.00
10:23:16 0.00 0.00 0.00
10:23:16 0.00 0.00 0.00
10:23:16 0.00 0.00 0.00
10:23:16 0.00 0.00 0.00
10:23:16 0.00 0.00 0.00
10:23:16 0.00 0.00 0.00
10:23:16 0.00 0.00 0.00
10:23:16 0.00 0.00 0.00
10:23:16 0.00 0.00 0.00
10:23:16 0.00 0.00 0.00
10:23:16 0.00 0.00 0.00
10:23:16 0.00 0.00 0.00
10:23:16 0.00 0.00 0.00
10:23:16 0.00 0.00 0.00
10:23:16 0.00 0.00 0.00
10:23:16 0.00 0.00 0.00
10:23:16 0.00 0.00 0.00
10:23:16 0.00 0.00 0.00
10:23:16 0.00 0.00 0.00
10:23:16 0.00 0.00 0.00
10:23:16 0.00 0.00 0.00
10:23:16 0.00 0.00 0.00
10:23:16 0.00 0.00 0.00
10:23:16 0.00 0.00 0.00
10:23:16 0.00 0.00 0.00
10:23:16 0.00 0.00 0.00
10:23:16 0.00 0.00 0.00
10:23:16 0.00 0.00 0.00
10:23:16 0.00 0.00 0.00
10:23:16 0.00 0.00 0.00
10:23:16 0.00 0.00 0.00
10:23:16 0.00 0.00 0.00
10:23:16 0.00 0.00 0.00
10:23:16 0.00 0.00 0.00
10:23:16 0.00 0.00 0.00
10:23:16 0.00 0.00 0.00
10:23:16 0.00 0.00 0.00
10:23:16 0.00 0.00 0.00
10:23:16 0.00 0.00 0.00
10:23:16 0.00 0.00 0.00
10:23:16 0.00 0.00 0.00
10:23:16 0.00 0.00 0.00
10:23:16 0.00 0.00 0.00
10:23:16 0.00 0.00 0.00
10:23:16 0.00 0.00 0.00
10:23:16 0.00 0.00 0.00
10:23:16 0.00 0.00 0.00
10:23:17 0.00 0.00 0.00
10:23:17 0.00 0.00 0.00
10:23:17 0.00 0.00 0.00
10:23:17 0.00 0.00 0.00
10:23:17 0.00 0.00 0.00
10:23:17 0.00 0.00 0.00
10:23:17 0.00 0.00 0.00
10:23:17 0.00 0.00 0.00
10:23:17 0.00 0.00 0.00
10:23:17 0.00 0.00 0.00
10:23:17 0.00 0.00 0.00
10:23:17 0.00 0.00 0.00
10:23:17 0.00 0.00 0.00
10:23:17 0.00 0.00 0.00
10:23:17 0.00 0.00 0.00
10:23:17 0.00 0.00 0.00
10:23:17 0.00 0.00 0.00
10:23:17 0.00 0.00 0.00
10:23:17 0.00 0.00 0.00
10:23:17 0.00 0.00 0.00
10:23:17 0.00 0.00 0.00
10:23:17 0.00 0.00 0.00
10:23:17 0.00 0.00 0.00
10:23:17 0.00 0.00 0.00
10:23:17 0.00 0.00 0.00
10:23:17 0.00 0.00 0.00
10:23:17 0.00 0.00 0.00
10:23:17 0.00 0.00 0.00
10:23:17 0.00 0.00 0.00
10:23:17 0.00 0.00 0.00
10:23:17 0.00 0.00 0.00
10:23:17 0.00 0.00 0.00
10:23:17 0.00 0.00 0.00
10:23:17 0.00 0.00 0.00
10:23:17 0.00 0.00 0.00
10:23:17 0.00 0.00 0.00
10:23:17 0.00 0.00 0.00
10:23:17 0.00 0.00 0.00
10:23:17 0.00 0.00 0.00
10:23:17 0.00 0.00 0.00
10:23:17 0.00 0.00 0.00
10:23:17 0.00 0.00 0.00
10:23:17 0.00 0.00 0.00
10:23:17 0.00 0.00 0.00
10:23:17 0.00 0.00 0.00
10:23:17 0.00 0.00 0.00
10:23:17 0.00 0.00 0.00
10:23:17 0.00 0.00 0.00
10:23:17 0.00 0.00 0.00
10:23:17 0.00 0.00 0.00
10:23:18 0.00 0.00 0.00
10:23:18 0.00 0.00 0.00
10:23:18 0.00 0.00 0.00
10:23:18 0.00 0.00 0.00
10:23:18 0.00 0.00 0.00
10:23:18 0.00 0.00 0.00
10:23:18 0.00 0.00 0.00
10:23:18 0.00 0.00 0.00
10:23:18 0.00 0.00 0.00
10:23:18 0.00 0.00 0.00
10:23:18 0.00 0.00 0.00
10:23:18 0.00 0.00 0.00
10:23:18 0.00 0.00 0.00
10:23:18 0.00 0.00 0.00
10:23:18 0.00 0.00 0.00
10:23:18 0.00 0.00 0.00
10:23:18 0.00 0.00 0.00
10:23:18 0.00 0.00 0.00
10:23:18 0.00 0.00 0.00
10:23:18 0.00 0.00 0.00
10:23:18 0.00 0.00 0.00
10:23:18 0.00 0.00 0.00
10:23:18 0.00 0.00 0.00
10:23:18 0.00 0.00 0.00
10:23:18 0.00 0.00 0.00
10:23:18 0.00 0.00 0.00
10:23:18 0.00 0.00 0.00
10:23:18 0.00 0.00 0.00
10:23:18 0.00 0.00 0.00
10:23:18 0.00 0.00 0.00
10:23:18 0.00 0.00 0.00
10:23:18 0.00 0.00 0.00
10:23:18 0.00 0.00 0.00
10:23:18 0.00 0.00 0.00
10:23:18 0.00 0.00 0.00
10:23:18 0.00 0.00 0.00
10:23:18 0.00 0.00 0.00
10:23:18 0.00 0.00 0.00
10:23:18 0.00 0.00 0.00
10:23:18 0.00 0.00 0.00
10:23:18 0.00 0.00 0.00
10:23:18 0.00 0.00 0.00
10:23:18 0.00 0.00 0.00
10:23:18 0.00 0.00 0.00
10:23:18 0.00 0.00 0.00
10:23:18 0.00 0.00 0.00
10:23:18 0.00 0.00 0.00
10:23:18 0.00 0.00 0.00
10:23:18 0.00 0.00 0.00
10:23:18 0.00 0.00 0.00
10:23:19 0.00 0.00 0.00
10:23:19 0.00 0.00 0.00
10:23:19 0.00 0.00 0.00
10:23:19 0.00 0.00 0.00
10:23:19 0.00 0.00 0.00
10:23:19 0.00 0.00 0.00
10:23:19 0.00 0.00 0.00
10:23:19 0.00 0.00 0.00
10:23:19 0.00 0.00 0.00
10:23:19 0.00 0.00 0.00
10:23:19 0.00 0.00 0.00
10:23:19 0.00 0.00 0.00
10:23:19 0.00 0.00 0.00
10:23:19 0.00 0.00 0.00
10:23:19 0.00 0.00 0.00
10:23:19 0.00 0.00 0.00
10:23:19 0.00 0.00 0.00
10:23:19 0.00 0.00 0.00
10:23:19 0.00 0.00 0.00
10:23:19 0.00 0.00 0.00
10:23:19 0.00 0.00 0.00
10:23:19 0.00 0.00 0.00
10:23:19 0.00 0.00 0.00
10:23:19 0.00 0.00 0.00
10:23:19 0.00 0.00 0.00
10:23:19 0.00 0.00 0.00
10:23:19 0.00 0.00 0.00
10:23:19 0.00 0.00 0.00
10:23:19 0.00 0.00 0.00
10:23:19 0.00 0.00 0.00
10:23:19 0.00 0.00 0.00
10:23:19 0.00 0.00 0.00
10:23:19 0.00 0.00 0.00
10:23:19 0.00 0.00 0.00
10:23:19 0.00 0.00 0.00
10:23:19 0.00 0.00 0.00
10:23:19 0.00 0.00 0.00
10:23:19 0.00 0.00 0.00
10:23:19 0.00 0.00 0.00
10:23:19 0.00 0.00 0.00
10:23:19 0.00 0.00 0.00
10:23:19 0.00 0.00 0.00
10:23:19 0.00 0.00 0.00
10:23:19 0.00 0.00 0.00
10:23:19 0.00 0.00 0.00
10:23:19 0.00 0.00 0.00
10:23:19 0.00 0.00 0.00
10:23:19 0.00 0.00 0.00
10:23:19 0.00 0.00 0.00
10:23:20 0.00 0.00 0.00
10:23:20 0.00 0.00 0.00
10:23:20 0.00 0.00 0.00
10:23:20 0.00 0.00 0.00
10:23:20 0.00 0.00 0.00
10:23:20 0.00 0.00 0.00
10:23:20 0.00 0.00 0.00
10:23:20 0.00 0.00 0.00
10:23:20 0.00 0.00 0.00
10:23:20 0.00 0.00 0.00
10:23:20 0.00 0.00 0.00
10:23:20 0.00 0.00 0.00
10:23:20 0.00 0.00 0.00
10:23:20 0.00 0.00 0.00
10:23:20 0.00 0.00 0.00
10:23:20 0.00 0.00 0.00
10:23:20 0.00 0.00 0.00
10:23:20 0.00 0.00 0.00
10:23:20 0.00 0.00 0.00
10:23:20 0.00 0.00 0.00
10:23:20 0.00 0.00 0.00
10:23:20 0.00 0.00 0.00
10:23:20 0.00 0.00 0.00
10:23:20 0.00 0.00 0.00
10:23:20 0.00 0.00 0.00
10:23:20 0.00 0.00 0.00
10:23:20 0.00 0.00 0.00
10:23:20 0.00 0.00 0.00
10:23:20 0.00 0.00 0.00
10:23:20 0.00 0.00 0.00
10:23:20 0.00 0.00 0.00
10:23:20 0.00 0.00 0.00
10:23:20 0.00 0.00 0.00
10:23:20 0.00 0.00 0.00
10:23:20 0.00 0.00 0.00
10:23:20 0.00 0.00 0.00
10:23:20 0.00 0.00 0.00
10:23:20 0.00 0.00 0.00
10:23:20 0.00 0.00 0.00
10:23:20 0.00 0.00 0.00
10:23:20 0.00 0.00 0.00
10:23:20 0.00 0.00 0.00
10:23:20 0.00 0.00 0.00
10:23:20 0.00 0.00 0.00
10:23:20 0.00 0.00 0.00
10:23:20 0.00 0.00 0.00
10:23:20 0.00 0.00 0.00
10:23:20 0.00 0.00 0.00
10:23:20 0.00 0.00 0.00
10:23:20 0.00 0.00 0.00
10:23:20 0.00 0.00 0.00
10:23:21 0.00 0.00 0.00
10:23:21 0.00 0.00 0.00
10:23:21 0.00 0.00 0.00
10:23:21 0.00 0.00 0.00
10:23:21 0.00 0.00 0.00
10:23:21 0.00 0.00 0.00
10:23:21 0.00 0.00 0.00
10:23:21 0.00 0.00 0.00
10:23:21 0.00 0.00 0.00
10:23:21 0.00 0.00 0.00
10:23:21 0.00 0.00 0.00
10:23:21 0.00 0.00 0.00
10:23:21 0.00 0.00 0.00
10:23:21 0.00 0.00 0.00
10:23:21 0.00 0.00 0.00
10:23:21 0.00 0.00 0.00
10:23:21 0.00 0.00 0.00
10:23:21 0.00 0.00 0.00
10:23:21 0.00 0.00 0.00
10:23:21 0.00 0.00 0.00
10:23:21 0.00 0.00 0.00
10:23:21 0.00 0.00 0.00
10:23:21 0.00 0.00 0.00
10:23:21 0.00 0.00 0.00
10:23:21 0.00 0.00 0.00
10:23:21 0.00 0.00 0.00
10:23:21 0.00 0.00 0.00
10:23:21 0.00 0.00 0.00
10:23:21 0.00 0.00 0.00
10:23:21 0.00 0.00 0.00
10:23:21 0.00 0.00 0.00
10:23:21 0.00 0.00 0.00
10:23:21 0.00 0.00 0.00
10:23:21 0.00 0.00 0.00
10:23:21 0.00 0.00 0.00
10:23:21 0.00 0.00 0.00
10:23:21 0.00 0.00 0.00
10:23:21 0.00 0.00 0.00
10:23:21 0.00 0.00 0.00
10:23:21 0.00 0.00 0.00
10:23:21 0.00 0.00 0.00
10:23:21 0.00 0.00 0.00
10:23:21 0.00 0.00 0.00
10:23:21 0.00 0.00 0.00
10:23:21 0.00 0.00 0.00
10:23:21 0.00 0.00 0.00
10:23:21 0.00 0.00 0.00
10:23:21 0.00 0.00 0.00
10:23:21 0.00 0.00 0.00
10:23:21 0.00 0.00 0.00
10:23:22 0.00 0.00 0.00
10:23:22 0.00 0.00 0.00
10:23:22 0.00 0.00 0.00
10:23:22 0.00 0.00 0.00
10:23:22 0.00 0.00 0.00
10:23:22 0.00 0.00 0.00
10:23:22 0.00 0.00 0.00
10:23:22 0.00 0.00 0.00
10:23:22 0.00 0.00 0.00
10:23:22 0.00 0.00 0.00
10:23:22 0.00 0.00 0.00
10:23:22 0.00 0.00 0.00
10:23:22 0.00 0.00 0.00
10:23:22 0.00 0.00 0.00
10:23:22 0.00 0.00 0.00
10:23:22 0.00 0.00 0.00
10:23:22 0.00 0.00 0.00
10:23:22 0.00 0.00 0.00
10:23:22 0.00 0.00 0.00
10:23:22 0.00 0.00 0.00
10:23:22 0.00 0.00 0.00
10:23:22 0.00 0.00 0.00
10:23:22 0.00 0.00 0.00
10:23:22 0.00 0.00 0.00
10:23:22 0.00 0.00 0.00
10:23:22 0.00 0.00 0.00
10:23:22 0.00 0.00 0.00
10:23:22 0.00 0.00 0.00
10:23:22 0.00 0.00 0.00
10:23:22 0.00 0.00 0.00
10:23:22 0.00 0.00 0.00
10:23:22 0.00 0.00 0.00
10:23:22 0.00 0.00 0.00
10:23:22 0.00 0.00 0.00
10:23:22 0.00 0.00 0.00
10:23:22 0.00 0.00 0.00
10:23:22 0.00 0.00 0.00
10:23:22 0.00 0.00 0.00
10:23:22 0.00 0.00 0.00
10:23:22 0.00 0.00 0.00
10:23:22 0.00 0.00 0.00
10:23:22 0.00 0.00 0.00
10:23:22 0.00 0.00 0.00
10:23:22 0.00 0.00 0.00
10:23:22 0.00 0.00 0.00
10:23:22 0.00 0.00 0.00
10:23:22 0.00 0.00 0.00
10:23:22 0.00 0.00 0.00
10:23:22 0.00 0.00 0.00
10:23:22 0.00 0.00 0.00
10:23:23 0.00 0.00 0.00
10:23:23 0.00 0.00 0.00
10:23:23 0.00 0.00 0.00
10:23:23 0.00 0.00 0.00
10:23:23 0.00 0.00 0.00
10:23:23 0.00 0.00 0.00
10:23:23 0.00 0.00 0.00
10:23:23 0.00 0.00 0.00
10:23:23 0.00 0.00 0.00
10:23:23 0.00 0.00 0.00
10:23:23 0.00 0.00 0.00
