time setpoint speed position10:26:52 0.00 0.00 0.00
10:26:52 0.00 0.00 0.00
10:26:52 0.00 0.00 0.00
10:26:52 0.00 0.00 0.00
10:26:53 0.00 0.00 0.00
10:26:53 0.00 0.00 0.00
10:26:53 0.00 0.00 0.00
10:26:53 0.00 0.00 0.00
10:26:53 0.00 0.00 0.00
10:26:53 0.00 0.00 0.00
10:26:53 0.00 0.00 0.00
10:26:53 0.00 0.00 0.00
10:26:53 0.00 0.00 0.00
10:26:53 0.00 0.00 0.00
10:26:53 0.00 0.00 0.00
10:26:53 0.00 0.00 0.00
10:26:53 0.00 0.00 0.00
10:26:53 0.00 0.00 0.00
10:26:53 0.00 0.00 0.00
10:26:53 0.00 0.00 0.00
10:26:53 0.00 0.00 0.00
10:26:53 0.00 0.00 0.00
10:26:53 0.00 0.00 0.00
10:26:53 0.00 0.00 0.00
10:26:53 0.00 0.00 0.00
10:26:53 0.00 0.00 0.00
10:26:53 0.00 0.00 0.00
10:26:53 0.00 0.00 0.00
10:26:53 0.00 0.00 0.00
10:26:53 0.00 0.00 0.00
10:26:53 0.00 0.00 0.00
10:26:53 0.00 0.00 0.00
10:26:53 0.00 0.00 0.00
10:26:53 0.00 0.00 0.00
10:26:53 0.00 0.00 0.00
10:26:53 0.00 0.00 0.00
10:26:53 0.00 0.00 0.00
10:26:53 0.00 0.00 0.00
10:26:53 0.00 0.00 0.00
10:26:53 0.00 0.00 0.00
10:26:53 0.00 0.00 0.00
10:26:53 0.00 0.00 0.00
10:26:53 0.00 0.00 0.00
10:26:53 0.00 0.00 0.00
10:26:53 0.00 0.00 0.00
10:26:53 0.00 0.00 0.00
10:26:53 0.00 0.00 0.00
10:26:53 0.00 0.00 0.00
10:26:53 0.00 0.00 0.00
10:26:53 0.00 0.00 0.00
10:26:53 0.00 0.00 0.00
10:26:53 0.00 0.00 0.00
10:26:53 0.00 0.00 0.00
10:26:53 0.00 0.00 0.00
10:26:54 0.00 0.00 0.00
10:26:54 0.00 0.00 0.00
10:26:54 0.00 0.00 0.00
10:26:54 0.00 0.00 0.00
10:26:54 0.00 0.00 0.00
10:26:54 0.00 0.00 0.00
10:26:54 0.00 0.00 0.00
10:26:54 0.00 0.00 0.00
10:26:54 0.00 0.00 0.00
10:26:54 0.00 0.00 0.00
10:26:54 0.00 0.00 0.00
10:26:54 0.00 0.00 0.00
10:26:54 0.00 0.00 0.00
10:26:54 0.00 0.00 0.00
10:26:54 0.00 0.00 0.00
10:26:54 0.00 0.00 0.00
10:26:54 0.00 0.00 0.00
10:26:54 0.00 0.00 0.00
10:26:54 0.00 0.00 0.00
10:26:54 0.00 0.00 0.00
10:26:54 0.00 0.00 0.00
10:26:54 0.00 0.00 0.00
10:26:54 0.00 0.00 0.00
10:26:54 0.00 0.00 0.00
10:26:54 0.00 0.00 0.00
10:26:54 0.00 0.00 0.00
10:26:54 0.00 0.00 0.00
10:26:54 0.00 0.00 0.00
10:26:54 0.00 0.00 0.00
10:26:54 0.00 0.00 0.00
10:26:54 0.00 0.00 0.00
10:26:54 0.00 0.00 0.00
10:26:54 0.00 0.00 0.00
10:26:54 0.00 0.00 0.00
10:26:54 0.00 0.00 0.00
10:26:54 0.00 0.00 0.00
10:26:54 0.00 0.00 0.00
10:26:54 0.00 0.00 0.00
10:26:54 0.00 0.00 0.00
10:26:54 0.00 0.00 0.00
10:26:54 0.00 0.00 0.00
10:26:54 0.00 0.00 0.00
10:26:54 0.00 0.00 0.00
10:26:54 0.00 0.00 0.00
10:26:54 0.00 0.00 0.00
10:26:54 0.00 0.00 0.00
10:26:54 0.00 0.00 0.00
10:26:54 0.00 0.00 0.00
10:26:54 0.00 0.00 0.00
10:26:54 0.00 0.00 0.00
10:26:55 0.00 0.00 0.00
10:26:55 0.00 0.00 0.00
10:26:55 0.00 0.00 0.00
10:26:55 0.00 0.00 0.00
10:26:55 0.00 0.00 0.00
10:26:55 0.00 0.00 0.00
10:26:55 0.00 0.00 0.00
10:26:55 0.00 0.00 0.00
10:26:55 0.00 0.00 0.00
10:26:55 0.00 0.00 0.00
10:26:55 0.00 0.00 0.00
10:26:55 0.00 0.00 0.00
10:26:55 0.00 0.00 0.00
10:26:55 0.00 0.00 0.00
10:26:55 0.00 0.00 0.00
10:26:55 0.00 0.00 0.00
10:26:55 0.00 0.00 0.00
10:26:55 0.00 0.00 0.00
10:26:55 0.00 0.00 0.00
10:26:55 0.00 0.00 0.00
10:26:55 0.00 0.00 0.00
10:26:55 0.00 0.00 0.00
10:26:55 0.00 0.00 0.00
10:26:55 0.00 0.00 0.00
10:26:55 0.00 0.00 0.00
10:26:55 0.00 0.00 0.00
10:26:55 0.00 0.00 0.00
10:26:55 0.00 0.00 0.00
10:26:55 0.00 0.00 0.00
10:26:55 0.00 0.00 0.00
10:26:55 0.00 0.00 0.00
10:26:55 0.00 0.00 0.00
10:26:55 0.00 0.00 0.00
10:26:55 0.00 0.00 0.00
10:26:55 0.00 0.00 0.00
10:26:55 0.00 0.00 0.00
10:26:55 0.00 0.00 0.00
10:26:55 0.00 0.00 0.00
10:26:55 0.00 0.00 0.00
10:26:55 0.00 0.00 0.00
10:26:55 0.00 0.00 0.00
10:26:55 0.00 0.00 0.00
10:26:55 0.00 0.00 0.00
10:26:55 0.00 0.00 0.00
10:26:55 0.00 0.00 0.00
10:26:55 0.00 0.00 0.00
10:26:55 0.00 0.00 0.00
10:26:55 0.00 0.00 0.00
10:26:55 0.00 0.00 0.00
10:26:55 0.00 0.00 0.00
10:26:56 0.00 0.00 0.00
10:26:56 0.00 0.00 0.00
10:26:56 0.00 0.00 0.00
10:26:56 0.00 0.00 0.00
10:26:56 0.00 0.00 0.00
10:26:56 0.00 0.00 0.00
10:26:56 0.00 0.00 0.00
10:26:56 0.00 0.00 0.00
10:26:56 0.00 0.00 0.00
10:26:56 0.00 0.00 0.00
10:26:56 0.00 0.00 0.00
10:26:56 0.00 0.00 0.00
10:26:56 0.00 0.00 0.00
10:26:56 0.00 0.00 0.00
10:26:56 0.00 0.00 0.00
10:26:56 0.00 0.00 0.00
10:26:56 0.00 0.00 0.00
10:26:56 0.00 0.00 0.00
10:26:56 0.00 0.00 0.00
10:26:56 0.00 0.00 0.00
10:26:56 0.00 0.00 0.00
10:26:56 0.00 0.00 0.00
10:26:56 0.00 0.00 0.00
10:26:56 0.00 0.00 0.00
10:26:56 0.00 0.00 0.00
10:26:56 0.00 0.00 0.00
10:26:56 0.00 0.00 0.00
10:26:56 0.00 0.00 0.00
10:26:56 0.00 0.00 0.00
10:26:56 0.00 0.00 0.00
10:26:56 0.00 0.00 0.00
10:26:56 0.00 0.00 0.00
10:26:56 0.00 0.00 0.00
10:26:56 0.00 0.00 0.00
10:26:56 0.00 0.00 0.00
10:26:56 0.00 0.00 0.00
10:26:56 0.00 0.00 0.00
10:26:56 0.00 0.00 0.00
10:26:56 0.00 0.00 0.00
10:26:56 0.00 0.00 0.00
10:26:56 0.00 0.00 0.00
10:26:56 0.00 0.00 0.00
10:26:56 0.00 0.00 0.00
10:26:56 0.00 0.00 0.00
10:26:56 0.00 0.00 0.00
10:26:56 0.00 0.00 0.00
10:26:56 0.00 0.00 0.00
10:26:56 0.00 0.00 0.00
10:26:56 0.00 0.00 0.00
10:26:56 0.00 0.00 0.00
10:26:57 0.00 0.00 0.00
10:26:57 0.00 0.00 0.00
10:26:57 0.00 0.00 0.00
10:26:57 0.00 0.00 0.00
10:26:57 0.00 0.00 0.00
10:26:57 0.00 0.00 0.00
10:26:57 0.00 0.00 0.00
10:26:57 0.00 0.00 0.00
10:26:57 0.00 0.00 0.00
10:26:57 0.00 0.00 0.00
10:26:57 0.00 0.00 0.00
10:26:57 0.00 0.00 0.00
10:26:57 0.00 0.00 0.00
10:26:57 0.00 0.00 0.00
10:26:57 0.00 0.00 0.00
10:26:57 0.00 0.00 0.00
10:26:57 0.00 0.00 0.00
10:26:57 0.00 0.00 0.00
10:26:57 0.00 0.00 0.00
10:26:57 0.00 0.00 0.00
10:26:57 0.00 0.00 0.00
10:26:57 0.00 0.00 0.00
10:26:57 0.00 0.00 0.00
10:26:57 0.00 0.00 0.00
10:26:57 0.00 0.00 0.00
10:26:57 0.00 0.00 0.00
10:26:57 0.00 0.00 0.00
10:26:57 0.00 0.00 0.00
10:26:57 0.00 0.00 0.00
10:26:57 0.00 0.00 0.00
10:26:57 0.00 0.00 0.00
10:26:57 0.00 0.00 0.00
10:26:57 0.00 0.00 0.00
10:26:57 0.00 0.00 0.00
10:26:57 0.00 0.00 0.00
10:26:57 0.00 0.00 0.00
10:26:57 0.00 0.00 0.00
10:26:57 0.00 0.00 0.00
10:26:57 0.00 0.00 0.00
10:26:57 0.00 0.00 0.00
10:26:57 0.00 0.00 0.00
10:26:57 0.00 0.00 0.00
10:26:57 0.00 0.00 0.00
10:26:57 0.00 0.00 0.00
10:26:57 0.00 0.00 0.00
10:26:57 0.00 0.00 0.00
10:26:57 0.00 0.00 0.00
10:26:57 0.00 0.00 0.00
10:26:57 0.00 0.00 0.00
10:26:57 0.00 0.00 0.00
10:26:58 0.00 0.00 0.00
10:26:58 0.00 0.00 0.00
10:26:58 0.00 0.00 0.00
10:26:58 0.00 0.00 0.00
10:26:58 0.00 0.00 0.00
10:26:58 0.00 0.00 0.00
10:26:58 0.00 0.00 0.00
10:26:58 0.00 0.00 0.00
10:26:58 4.00 0.00 0.00
10:26:58 4.00 0.00 0.00
10:26:58 4.00 0.00 0.38
10:26:58 8.00 1.06 0.38
10:26:58 8.00 0.71 1.15
10:26:58 8.00 2.59 3.08
10:26:58 12.00 7.02 5.00
10:26:58 12.00 9.99 6.92
10:26:58 12.00 11.98 8.85
10:26:58 16.00 13.32 10.38
10:26:58 16.00 13.15 12.31
10:26:58 16.00 14.10 13.85
10:26:58 20.00 13.68 15.77
10:26:58 20.00 14.45 17.69
10:26:58 20.00 14.97 20.00
10:26:58 20.00 16.38 23.08
10:26:58 24.00 19.43 26.15
10:26:58 24.00 21.48 29.23
10:26:58 24.00 22.85 32.31
10:26:58 28.00 23.77 35.38
10:26:58 28.00 24.39 38.46
10:26:58 28.00 24.80 41.92
10:26:58 32.00 26.14 45.38
10:26:58 32.00 27.03 48.85
10:26:58 32.00 27.63 52.31
10:26:58 36.00 28.03 56.15
10:26:58 36.00 29.36 60.00
10:26:58 36.00 30.25 64.23
10:26:58 40.00 31.90 68.46
10:26:58 40.00 33.01 72.31
10:26:58 40.00 32.69 76.54
10:26:58 44.00 33.54 80.77
10:26:58 44.00 34.11 85.38
10:26:58 44.00 35.54 90.00
10:26:58 48.00 36.51 94.62
10:26:58 48.00 37.15 99.62
10:26:58 48.00 38.64 104.62
10:26:58 52.00 39.64 109.62
10:26:58 52.00 40.31 115.00
10:26:58 52.00 41.81 120.00
10:26:58 56.00 41.77 125.38
10:26:58 56.00 42.79 130.77
10:26:58 56.00 43.48 136.15
10:26:59 56.00 43.94 141.54
10:26:59 60.00 44.25 147.31
10:26:59 60.00 45.51 153.08
10:26:59 60.00 46.36 159.23
10:26:59 64.00 47.98 165.38
10:26:59 64.00 49.07 171.92
10:26:59 64.00 50.86 178.85
10:26:59 68.00 53.11 -174.23
10:26:59 68.00 54.62 -166.54
10:26:59 68.00 57.75 -159.23
10:26:59 72.00 58.79 -151.54
10:26:59 72.00 60.54 -143.85
10:26:59 72.00 61.72 -136.15
10:26:59 76.00 62.50 -128.46
10:26:59 76.00 63.03 -120.38
10:26:59 76.00 64.44 -112.31
10:26:59 80.00 65.39 -104.23
10:26:59 80.00 66.02 -96.15
10:26:59 80.00 66.45 -87.69
10:26:59 80.00 67.79 -79.23
10:26:59 84.00 68.69 -70.77
10:26:59 84.00 69.29 -62.31
10:26:59 84.00 69.69 -53.46
10:26:59 88.00 71.02 -44.62
10:26:59 88.00 71.91 -35.77
10:26:59 88.00 72.51 -26.15
10:26:59 92.00 75.02 -16.15
10:26:59 92.00 77.76 -5.77
10:26:59 92.00 80.66 4.62
10:26:59 96.00 82.60 15.00
10:26:59 96.00 83.90 25.38
10:26:59 96.00 84.77 35.77
10:26:59 100.00 85.35 46.54
10:26:59 100.00 86.80 56.92
10:26:59 100.00 86.72 67.69
10:26:59 104.00 87.71 78.08
10:26:59 104.00 87.33 88.85
10:26:59 104.00 88.12 99.62
10:26:59 108.00 88.66 110.77
10:26:59 108.00 90.07 121.92
10:26:59 108.00 91.02 133.85
10:26:59 112.00 93.77 146.15
10:26:59 112.00 96.67 158.46
10:26:59 112.00 98.62 171.15
10:26:59 112.00 100.98 -176.15
10:26:59 116.00 102.56 -163.46
10:26:59 116.00 103.62 -150.77
10:26:59 116.00 104.33 -138.46
10:26:59 120.00 103.75 -125.77
10:26:59 120.00 104.41 -113.46
10:27:00 120.00 103.80 -100.38
10:27:00 124.00 105.51 -87.31
10:27:00 124.00 106.65 -73.46
10:27:00 124.00 109.53 -59.23
10:27:00 128.00 112.52 -45.00
10:27:00 128.00 114.52 -30.38
10:27:00 128.00 116.92 -16.15
10:27:00 132.00 117.47 -1.54
10:27:00 132.00 118.90 12.69
10:27:00 132.00 118.80 27.31
10:27:00 136.00 119.79 41.54
10:27:00 136.00 119.39 55.77
10:27:00 136.00 119.13 70.77
10:27:00 140.00 121.07 86.54
10:27:00 140.00 124.48 102.31
10:27:00 140.00 126.77 118.46
10:27:00 144.00 129.36 134.62
10:27:00 144.00 131.09 150.77
10:27:00 144.00 132.25 166.54
10:27:00 148.00 131.98 -177.69
10:27:00 148.00 131.79 -162.31
10:27:00 148.00 130.61 -146.15
10:27:00 148.00 131.93 -129.62
10:27:00 152.00 133.87 -112.69
10:27:00 152.00 136.23 -95.00
10:27:00 152.00 139.93 -77.31
10:27:00 156.00 142.41 -60.00
10:27:00 156.00 143.01 -42.69
10:27:00 156.00 143.41 -25.38
10:27:00 160.00 143.68 -8.46
10:27:00 160.00 142.81 9.23
10:27:00 160.00 144.33 27.31
10:27:00 164.00 146.42 45.77
10:27:00 164.00 148.87 64.62
10:27:00 164.00 151.57 83.46
10:27:00 168.00 153.38 102.31
10:27:00 168.00 154.59 121.15
10:27:00 168.00 155.40 139.62
10:27:00 172.00 154.89 158.08
10:27:00 172.00 154.54 177.31
10:27:00 172.00 156.43 -162.69
10:27:00 176.00 159.81 -142.69
10:27:00 176.00 162.07 -122.69
10:27:00 176.00 163.59 -102.69
10:27:00 176.00 164.60 -83.08
10:27:00 180.00 164.23 -63.46
10:27:00 180.00 163.97 -43.46
10:27:00 184.00 164.86 -22.69
10:27:00 184.00 167.57 -1.92
10:27:01 184.00 169.39 19.23
10:27:01 184.00 171.66 40.38
10:27:01 188.00 173.19 61.54
10:27:01 188.00 174.21 82.31
10:27:01 188.00 173.84 103.46
10:27:01 192.00 174.64 125.00
10:27:01 192.00 176.24 146.92
10:27:01 192.00 178.37 169.23
10:27:01 196.00 180.85 -168.46
10:27:01 196.00 182.52 -146.15
10:27:01 196.00 183.63 -124.23
10:27:01 200.00 183.32 -101.92
10:27:01 200.00 184.17 -79.62
10:27:01 200.00 184.74 -56.54
10:27:01 200.00 187.24 -33.08
10:27:01 200.00 189.97 -10.00
10:27:01 200.00 190.74 13.08
10:27:01 200.00 191.26 35.38
10:27:01 200.00 189.49 58.08
10:27:01 200.00 189.36 81.15
10:27:01 200.00 190.33 104.62
10:27:01 200.00 192.04 128.08
10:27:01 200.00 193.19 151.15
10:27:01 200.00 192.90 173.85
10:27:01 200.00 191.65 -163.08
10:27:01 200.00 191.86 -139.62
10:27:01 200.00 193.07 -116.15
10:27:01 200.00 193.87 -92.69
10:27:01 200.00 194.42 -69.23
10:27:01 200.00 194.78 -45.77
10:27:01 200.00 195.02 -22.69
10:27:01 200.00 194.13 0.38
10:27:01 200.00 193.53 24.23
10:27:01 200.00 195.24 48.08
10:27:01 200.00 196.39 71.54
10:27:01 200.00 196.10 95.38
10:27:01 200.00 196.96 118.46
10:27:01 200.00 195.43 141.92
10:27:01 200.00 195.46 165.38
10:27:01 200.00 195.47 -170.77
10:27:01 200.00 196.54 -146.54
10:27:01 200.00 198.32 -123.08
10:27:01 200.00 197.39 -99.62
10:27:01 200.00 196.77 -76.15
10:27:01 200.00 196.36 -52.69
10:27:01 200.00 196.08 -28.85
10:27:01 200.00 196.95 -4.62
10:27:01 200.00 198.59 19.23
10:27:01 200.00 198.63 42.69
10:27:01 200.00 197.60 66.15
10:27:02 200.00 196.91 90.00
10:27:02 200.00 197.51 113.85
10:27:02 200.00 197.91 137.69
10:27:02 200.00 198.18 161.92
10:27:02 200.00 199.41 -174.23
10:27:02 200.00 199.18 -150.77
10:27:02 200.00 197.97 -127.31
10:27:02 200.00 197.16 -103.08
10:27:02 200.00 198.73 -78.85
10:27:02 200.00 199.79 -54.62
10:27:02 200.00 200.49 -30.77
10:27:02 200.00 199.91 -7.31
10:27:02 200.00 198.46 16.54
10:27:02 200.00 198.54 40.77
10:27:02 200.00 199.66 65.00
10:27:02 200.00 200.41 89.23
10:27:02 200.00 200.91 113.46
10:27:02 200.00 201.24 137.31
10:27:02 200.00 200.41 161.15
10:27:02 200.00 199.85 -174.62
10:27:02 200.00 200.53 -150.38
10:27:02 200.00 200.99 -126.15
10:27:02 200.00 201.30 -101.92
10:27:02 200.00 201.51 -78.08
10:27:02 200.00 200.59 -54.23
10:27:02 200.00 199.97 -30.38
10:27:02 200.00 199.56 -6.54
10:27:02 200.00 199.28 17.69
10:27:02 200.00 200.15 41.92
10:27:02 200.00 200.74 65.77
10:27:02 200.00 200.07 89.62
10:27:02 200.00 199.62 113.46
10:27:02 200.00 199.33 137.31
10:27:02 200.00 199.12 161.54
10:27:02 200.00 200.05 -174.23
10:27:02 200.00 200.67 -150.38
10:27:02 200.00 200.02 -126.54
10:27:02 200.00 199.59 -102.69
10:27:02 200.00 199.30 -78.85
10:27:02 200.00 199.11 -54.62
10:27:02 200.00 200.04 -30.38
10:27:02 200.00 200.66 -6.15
10:27:02 200.00 201.08 17.31
10:27:02 200.00 199.24 41.15
10:27:02 200.00 199.07 65.00
10:27:02 200.00 198.95 89.23
10:27:02 200.00 199.93 113.46
10:27:02 200.00 200.59 137.31
10:27:02 200.00 199.97 161.15
10:27:02 200.00 199.56 -175.38
10:27:03 200.00 198.22 -151.54
10:27:03 200.00 198.39 -127.31
10:27:03 200.00 199.55 -103.08
10:27:03 200.00 200.34 -78.85
10:27:03 200.00 200.86 -54.62
10:27:03 200.00 201.21 -30.77
10:27:03 200.00 200.39 -6.92
10:27:03 200.00 199.84 17.31
10:27:03 200.00 200.53 41.54
10:27:03 200.00 200.99 65.77
10:27:03 200.00 201.30 90.00
10:27:03 200.00 201.50 113.85
10:27:03 200.00 200.58 137.69
10:27:03 200.00 199.97 161.54
10:27:03 200.00 199.56 -174.23
10:27:03 200.00 200.34 -150.00
10:27:03 200.00 200.86 -126.15
10:27:03 200.00 200.15 -102.31
10:27:03 200.00 199.68 -78.46
10:27:03 200.00 199.36 -54.62
10:27:03 200.00 199.15 -30.38
10:27:03 200.00 200.06 -6.15
10:27:03 200.00 200.68 17.69
10:27:03 200.00 200.03 41.54
10:27:03 200.00 199.60 65.38
10:27:03 200.00 199.31 89.23
10:27:03 200.00 199.11 113.08
10:27:03 200.00 198.98 137.31
10:27:03 200.00 199.95 161.54
10:27:03 200.00 200.60 -174.62
10:27:03 200.00 199.98 -150.77
10:27:03 200.00 199.56 -127.31
10:27:03 200.00 198.23 -103.46
10:27:03 200.00 198.39 -79.23
10:27:03 200.00 199.56 -55.00
10:27:03 200.00 200.34 -31.15
10:27:03 200.00 199.80 -6.92
10:27:03 200.00 200.50 16.92
10:27:03 200.00 199.91 41.15
10:27:03 200.00 200.58 65.38
10:27:03 200.00 201.02 89.62
10:27:03 200.00 201.32 114.23
10:27:03 200.00 202.58 138.08
10:27:03 200.00 201.30 161.92
10:27:03 200.00 200.45 -174.23
10:27:03 200.00 199.88 -150.00
10:27:03 200.00 200.55 -125.77
10:27:03 200.00 201.01 -101.92
10:27:03 200.00 200.25 -77.69
10:27:03 200.00 200.80 -54.23
10:27:04 200.00 199.06 -30.38
10:27:04 200.00 198.94 -6.15
10:27:04 200.00 199.93 18.08
10:27:04 200.00 200.59 42.31
10:27:04 200.00 201.03 66.15
10:27:04 200.00 200.27 89.62
10:27:04 200.00 198.70 113.46
10:27:04 200.00 198.70 137.31
10:27:04 200.00 198.71 161.54
10:27:04 200.00 199.77 -174.23
10:27:04 200.00 200.48 -150.00
10:27:04 200.00 200.96 -126.15
10:27:04 200.00 200.22 -101.92
10:27:04 200.00 200.78 -78.08
10:27:04 200.00 200.10 -53.46
10:27:04 200.00 201.76 -29.23
10:27:04 200.00 201.81 -5.00
10:27:04 200.00 201.85 18.85
10:27:04 200.00 200.82 42.31
10:27:04 200.00 199.07 66.15
10:27:04 200.00 198.95 90.38
10:27:04 200.00 199.93 114.62
10:27:04 200.00 200.59 138.46
10:27:04 200.00 199.97 162.31
10:27:04 200.00 199.56 -174.23
10:27:04 200.00 198.22 -150.38
10:27:04 200.00 198.39 -126.15
10:27:04 200.00 199.55 -101.92
10:27:04 200.00 200.34 -77.69
10:27:04 200.00 200.86 -53.85
10:27:04 200.00 200.15 -30.00
10:27:04 200.00 199.68 -6.15
10:27:04 200.00 199.36 18.08
10:27:04 200.00 200.21 42.31
10:27:04 200.00 200.77 66.54
10:27:04 200.00 201.15 90.77
10:27:04 200.00 201.41 114.62
10:27:04 200.00 200.52 138.08
10:27:04 200.00 198.87 162.31
10:27:04 200.00 199.88 -173.46
10:27:04 200.00 200.55 -149.23
10:27:04 200.00 201.00 -125.00
10:27:04 200.00 201.31 -101.15
10:27:04 200.00 200.45 -77.31
10:27:04 200.00 199.88 -53.08
10:27:04 200.00 200.55 -28.85
10:27:04 200.00 201.01 -4.62
