time setpoint speed position
10:33:40 0.00 0.00 1.54
10:33:40 0.00 0.00 1.54
10:33:40 0.00 0.00 1.54
10:33:40 0.00 0.00 1.54
10:33:40 0.00 0.00 1.54
10:33:41 0.00 0.00 1.54
10:33:41 0.00 0.00 1.54
10:33:41 0.00 0.00 1.54
10:33:41 0.00 0.00 1.54
10:33:41 0.00 0.00 1.54
10:33:41 0.00 0.00 1.54
10:33:41 0.00 0.00 1.54
10:33:41 0.00 0.00 1.54
10:33:41 0.00 0.00 1.54
10:33:41 0.00 0.00 1.54
10:33:41 0.00 0.00 1.54
10:33:41 0.00 0.00 1.54
10:33:41 0.00 0.00 1.54
10:33:41 0.00 0.00 1.54
10:33:41 0.00 0.00 1.54
10:33:41 0.00 0.00 1.54
10:33:41 0.00 0.00 1.54
10:33:41 0.00 0.00 1.54
10:33:41 0.00 0.00 1.54
10:33:41 0.00 0.00 1.54
10:33:41 0.00 0.00 1.54
10:33:41 0.00 0.00 1.54
10:33:41 0.00 0.00 1.54
10:33:41 0.00 0.00 1.54
10:33:41 0.00 0.00 1.54
10:33:41 0.00 0.00 1.54
10:33:41 0.00 0.00 1.54
10:33:41 0.00 0.00 1.54
10:33:41 0.00 0.00 1.54
10:33:41 0.00 0.00 1.54
10:33:41 0.00 0.00 1.54
10:33:41 0.00 0.00 1.54
10:33:41 0.00 0.00 1.54
10:33:41 0.00 0.00 1.54
10:33:41 0.00 0.00 1.54
10:33:41 0.00 0.00 1.54
10:33:41 0.00 0.00 1.54
10:33:41 0.00 0.00 1.54
10:33:41 0.00 0.00 1.54
10:33:41 0.00 0.00 1.54
10:33:41 0.00 0.00 1.54
10:33:41 0.00 0.00 1.54
10:33:41 0.00 0.00 1.54
10:33:41 0.00 0.00 1.54
10:33:41 0.00 0.00 1.54
10:33:41 0.00 0.00 1.54
10:33:41 0.00 0.00 1.54
10:33:41 0.00 0.00 1.54
10:33:41 0.00 0.00 1.54
10:33:41 0.00 0.00 1.54
10:33:42 0.00 0.00 1.54
10:33:42 0.00 0.00 1.54
10:33:42 0.00 0.00 1.54
10:33:42 0.00 0.00 1.54
10:33:42 0.00 0.00 1.54
10:33:42 0.00 0.00 1.54
10:33:42 0.00 0.00 1.54
10:33:42 0.00 0.00 1.54
10:33:42 0.00 0.00 1.54
10:33:42 0.00 0.00 1.54
10:33:42 0.00 0.00 1.54
10:33:42 0.00 0.00 1.54
10:33:42 0.00 0.00 1.54
10:33:42 0.00 0.00 1.54
10:33:42 0.00 0.00 1.54
10:33:42 0.00 0.00 1.54
10:33:42 0.00 0.00 1.54
10:33:42 0.00 0.00 1.54
10:33:42 0.00 0.00 1.54
10:33:42 0.00 0.00 1.54
10:33:42 0.00 0.00 1.54
10:33:42 0.00 0.00 1.54
10:33:42 0.00 0.00 1.54
10:33:42 0.00 0.00 1.54
10:33:42 0.00 0.00 1.54
10:33:42 0.00 0.00 1.54
10:33:42 0.00 0.00 1.54
10:33:42 0.00 0.00 1.54
10:33:42 0.00 0.00 1.54
10:33:42 0.00 0.00 1.54
10:33:42 0.00 0.00 1.54
10:33:42 0.00 0.00 1.54
10:33:42 0.00 0.00 1.54
10:33:42 0.00 0.00 1.54
10:33:42 4.00 0.00 1.54
10:33:42 4.00 0.00 1.54
10:33:42 4.00 0.00 1.54
10:33:42 8.00 0.00 1.54
10:33:42 8.00 0.00 1.92
10:33:42 8.00 1.06 2.31
10:33:42 12.00 1.77 2.31
10:33:42 12.00 1.18 2.31
10:33:42 12.00 0.79 2.69
10:33:42 12.00 1.59 3.08
10:33:42 16.00 2.12 4.62
10:33:42 16.00 5.65 6.15
10:33:42 20.00 8.02 8.08
10:33:42 20.00 10.66 9.62
10:33:42 20.00 11.37 11.54
10:33:42 20.00 12.91 13.85
10:33:43 24.00 14.99 15.38
10:33:43 24.00 14.28 17.31
10:33:43 24.00 14.85 19.23
10:33:43 28.00 15.24 21.54
10:33:43 28.00 16.56 24.23
10:33:43 28.00 18.50 26.92
10:33:43 32.00 19.80 29.62
10:33:43 32.00 20.67 32.69
10:33:43 32.00 22.31 35.38
10:33:43 36.00 22.35 38.85
10:33:43 36.00 24.49 41.92
10:33:43 36.00 24.87 45.38
10:33:43 40.00 26.18 49.23
10:33:43 40.00 28.12 52.69
10:33:43 40.00 28.36 56.92
10:33:43 44.00 30.64 60.77
10:33:43 44.00 31.10 65.00
10:33:43 44.00 32.47 68.85
10:33:43 48.00 32.33 73.46
10:33:43 48.00 34.36 77.69
10:33:43 48.00 34.65 82.31
10:33:43 52.00 35.91 86.92
10:33:43 52.00 36.75 91.54
10:33:43 52.00 37.32 96.15
10:33:43 52.00 37.69 101.15
10:33:43 56.00 39.01 105.77
10:33:43 56.00 38.83 110.77
10:33:43 56.00 39.76 116.54
10:33:43 60.00 42.51 121.92
10:33:43 60.00 43.29 127.31
10:33:43 60.00 43.81 133.46
10:33:43 64.00 46.28 139.62
10:33:43 64.00 47.93 146.15
10:33:43 64.00 50.09 153.08
10:33:43 68.00 52.60 160.38
10:33:43 68.00 55.34 167.69
10:33:43 68.00 57.17 175.00
10:33:43 72.00 58.40 -177.69
10:33:43 72.00 59.23 -170.38
10:33:43 72.00 59.78 -162.69
10:33:43 76.00 61.20 -155.00
10:33:43 76.00 62.16 -147.31
10:33:43 76.00 62.80 -139.23
10:33:43 80.00 64.29 -130.77
10:33:43 80.00 66.34 -122.69
10:33:43 80.00 66.66 -114.62
10:33:43 84.00 66.87 -106.54
10:33:43 84.00 67.02 -98.46
10:33:43 84.00 67.11 -90.00
10:33:43 88.00 68.24 -81.54
10:33:43 88.00 68.99 -72.69
10:33:44 88.00 70.55 -63.46
10:33:44 88.00 72.65 -53.46
10:33:44 92.00 76.18 -43.46
10:33:44 92.00 78.54 -33.08
10:33:44 92.00 81.18 -23.08
10:33:44 96.00 81.89 -12.69
10:33:44 96.00 83.42 -2.69
10:33:44 96.00 83.39 8.08
10:33:44 100.00 85.49 18.46
10:33:44 100.00 85.84 29.23
10:33:44 100.00 87.13 39.62
10:33:44 104.00 86.93 50.00
10:33:44 104.00 86.80 60.77
10:33:44 104.00 87.77 71.92
10:33:44 108.00 89.48 83.08
10:33:44 108.00 90.63 95.00
10:33:44 108.00 93.51 107.31
10:33:44 112.00 96.50 119.62
10:33:44 112.00 98.50 131.92
10:33:44 112.00 99.84 144.62
10:33:44 116.00 101.80 156.92
10:33:44 116.00 102.05 169.62
10:33:44 116.00 103.28 -178.08
10:33:44 120.00 103.04 -165.38
10:33:44 120.00 103.94 -153.08
10:33:44 120.00 103.49 -140.77
10:33:44 124.00 103.18 -127.69
10:33:44 124.00 105.09 -114.23
10:33:44 124.00 107.43 -100.00
10:33:44 124.00 111.11 -85.77
10:33:44 128.00 113.58 -71.54
10:33:44 128.00 115.23 -57.31
10:33:44 128.00 116.34 -43.08
10:33:44 132.00 117.08 -28.85
10:33:44 132.00 117.58 -14.62
10:33:44 132.00 117.91 -0.38
10:33:44 136.00 118.14 14.23
10:33:44 136.00 119.34 28.85
10:33:44 136.00 120.15 44.23
10:33:44 140.00 122.81 59.62
10:33:44 140.00 124.59 75.38
10:33:44 140.00 126.84 91.15
10:33:44 144.00 128.35 107.31
10:33:44 144.00 130.42 123.08
10:33:44 144.00 130.74 138.85
10:33:44 148.00 130.96 154.62
10:33:44 148.00 131.11 170.00
10:33:44 148.00 130.15 -173.46
10:33:44 152.00 132.68 -156.92
10:33:44 152.00 134.38 -139.62
10:33:45 152.00 137.63 -122.31
10:33:45 152.00 139.81 -104.62
10:33:45 156.00 142.33 -87.31
10:33:45 156.00 142.95 -70.00
10:33:45 156.00 143.38 -53.08
10:33:45 160.00 142.60 -35.77
10:33:45 160.00 143.14 -18.08
10:33:45 160.00 144.56 -0.00
10:33:45 164.00 146.56 18.46
10:33:45 164.00 148.97 37.31
10:33:45 164.00 151.64 56.15
10:33:45 168.00 153.42 75.00
10:33:45 168.00 154.62 93.46
10:33:45 168.00 154.36 111.92
10:33:45 172.00 154.19 130.77
10:33:45 172.00 155.14 150.00
10:33:45 176.00 159.02 -170.77
10:33:45 176.00 160.48 -150.77
10:33:45 176.00 162.52 -131.15
10:33:45 180.00 162.83 -111.15
10:33:45 180.00 164.10 -91.54
10:33:45 180.00 163.89 -71.54
10:33:45 180.00 164.81 -50.77
10:33:45 184.00 167.53 -30.00
10:33:45 184.00 169.36 -8.85
10:33:45 184.00 171.65 12.31
10:33:45 188.00 173.18 33.46
10:33:45 188.00 174.20 54.23
10:33:45 188.00 173.83 75.38
10:33:45 192.00 174.64 96.92
10:33:45 192.00 176.24 118.85
10:33:45 192.00 178.37 141.15
10:33:45 196.00 180.85 163.46
10:33:45 196.00 182.52 -174.62
10:33:45 196.00 182.58 -152.69
10:33:45 200.00 182.61 -130.38
10:33:45 200.00 183.70 -107.69
10:33:45 200.00 185.48 -84.62
10:33:45 200.00 187.73 -61.15
10:33:45 200.00 190.30 -38.08
10:33:45 200.00 190.96 -15.38
10:33:45 200.00 190.35 7.31
10:33:45 200.00 189.94 30.00
10:33:45 200.00 189.66 53.08
10:33:45 200.00 190.54 76.54
10:33:45 200.00 192.18 100.00
10:33:45 200.00 193.28 122.69
10:33:45 200.00 191.90 145.77
10:33:46 200.00 192.03 168.85
10:33:46 200.00 192.12 -167.69
10:33:46 200.00 193.24 -144.23
10:33:46 200.00 193.99 -120.77
10:33:46 200.00 194.49 -97.31
10:33:46 200.00 194.83 -74.23
10:33:46 200.00 194.00 -51.15
10:33:46 200.00 193.44 -27.69
10:33:46 200.00 194.12 -4.23
10:33:46 200.00 194.58 19.62
10:33:46 200.00 195.95 43.46
10:33:46 200.00 196.86 66.92
10:33:46 200.00 196.42 90.00
10:33:46 200.00 195.06 113.46
10:33:46 200.00 195.21 136.92
10:33:46 200.00 195.31 160.77
10:33:46 200.00 196.43 -175.00
10:33:46 200.00 198.25 -151.54
10:33:46 200.00 197.34 -128.08
10:33:46 200.00 196.74 -104.62
10:33:46 200.00 196.33 -80.77
10:33:46 200.00 197.12 -56.92
10:33:46 200.00 197.65 -33.08
10:33:46 200.00 198.00 -9.23
10:33:46 200.00 198.24 14.23
10:33:46 200.00 197.34 37.69
10:33:46 200.00 196.74 61.15
10:33:46 200.00 196.33 85.38
10:33:46 200.00 198.18 109.23
10:33:46 200.00 198.36 133.46
10:33:46 200.00 199.53 156.92
10:33:46 200.00 198.21 -179.62
10:33:46 200.00 197.32 -155.77
10:33:46 200.00 197.78 -131.54
10:33:46 200.00 199.15 -107.31
10:33:46 200.00 200.06 -83.08
10:33:46 200.00 200.68 -59.23
10:33:46 200.00 200.03 -35.38
10:33:46 200.00 199.60 -11.54
10:33:46 200.00 199.31 12.69
10:33:46 200.00 200.17 36.92
10:33:46 200.00 200.75 61.15
10:33:46 200.00 201.14 85.38
10:33:46 200.00 201.40 109.23
10:33:46 200.00 200.51 133.08
10:33:46 200.00 199.92 157.31
10:33:46 200.00 200.58 -178.46
10:33:46 200.00 201.02 -154.62
10:33:46 200.00 200.26 -130.38
10:33:46 200.00 200.81 -106.54
10:33:46 200.00 200.12 -82.69
10:33:47 200.00 199.66 -58.85
10:33:47 200.00 199.35 -35.00
10:33:47 200.00 199.14 -10.77
10:33:47 200.00 200.06 13.46
10:33:47 200.00 200.67 37.31
10:33:47 200.00 200.03 60.77
10:33:47 200.00 198.54 84.62
10:33:47 200.00 198.60 108.85
10:33:47 200.00 199.69 133.08
10:33:47 200.00 200.43 157.31
10:33:47 200.00 200.92 -178.46
10:33:47 200.00 201.25 -154.62
10:33:47 200.00 200.42 -130.77
10:33:47 200.00 199.86 -106.54
10:33:47 200.00 200.54 -82.31
10:33:47 200.00 201.00 -58.08
10:33:47 200.00 201.30 -33.85
10:33:47 200.00 201.51 -10.00
10:33:47 200.00 200.59 13.85
10:33:47 200.00 199.97 37.69
10:33:47 200.00 199.56 61.92
10:33:47 200.00 200.34 86.15
10:33:47 200.00 200.86 110.38
10:33:47 200.00 201.21 134.23
10:33:47 200.00 200.39 157.69
10:33:47 200.00 198.78 -178.08
10:33:47 200.00 199.82 -154.23
10:33:47 200.00 199.45 -130.00
10:33:47 200.00 200.27 -105.38
10:33:47 200.00 201.87 -81.54
10:33:47 200.00 200.83 -57.69
10:33:47 200.00 200.13 -33.85
10:33:47 200.00 199.67 -9.62
10:33:47 200.00 200.41 14.23
10:33:47 200.00 199.85 38.46
10:33:47 200.00 200.54 62.31
10:33:47 200.00 199.94 85.77
10:33:47 200.00 198.48 109.62
10:33:47 200.00 198.56 133.85
10:33:47 200.00 199.67 158.08
10:33:47 200.00 200.41 -177.69
10:33:47 200.00 200.91 -153.46
10:33:47 200.00 201.24 -129.62
10:33:47 200.00 200.41 -105.77
10:33:47 200.00 199.85 -81.54
10:33:47 200.00 200.54 -57.31
10:33:47 200.00 200.99 -33.08
10:33:47 200.00 201.30 -8.85
10:33:47 200.00 201.51 15.00
10:33:48 200.00 200.59 38.46
10:33:48 200.00 198.91 62.31
10:33:48 200.00 198.85 86.54
10:33:48 200.00 199.86 110.77
10:33:48 200.00 200.54 135.00
10:33:48 200.00 201.00 159.23
10:33:48 200.00 201.30 -176.92
10:33:48 200.00 200.45 -152.69
10:33:48 200.00 200.94 -128.46
10:33:48 200.00 201.26 -104.23
10:33:48 200.00 201.48 -79.62
10:33:48 200.00 202.68 -55.77
10:33:48 200.00 201.38 -31.92
10:33:48 200.00 200.50 -8.08
10:33:48 200.00 199.91 15.77
10:33:48 200.00 199.52 40.00
10:33:48 200.00 200.31 64.23
10:33:48 200.00 200.84 88.46
10:33:48 200.00 201.20 111.92
10:33:48 200.00 199.32 135.77
10:33:48 200.00 199.12 160.00
10:33:48 200.00 200.05 -175.77
10:33:48 200.00 200.67 -151.54
10:33:48 200.00 201.08 -127.69
10:33:48 200.00 200.30 -103.85
10:33:48 200.00 199.78 -80.38
10:33:48 200.00 198.37 -56.54
10:33:48 200.00 198.49 -32.31
10:33:48 200.00 199.62 -8.08
10:33:48 200.00 200.38 16.15
10:33:48 200.00 200.89 40.00
10:33:48 200.00 200.17 63.85
10:33:48 200.00 199.69 88.08
10:33:48 200.00 200.43 112.31
10:33:48 200.00 200.92 136.54
10:33:48 200.00 201.25 160.77
10:33:48 200.00 201.47 -175.38
10:33:48 200.00 200.56 -151.54
10:33:48 200.00 199.95 -127.69
10:33:48 200.00 199.55 -103.46
10:33:48 200.00 200.33 -79.23
10:33:48 200.00 200.86 -55.00
10:33:48 200.00 201.21 -31.15
10:33:48 200.00 200.39 -7.31
10:33:48 200.00 199.84 16.54
10:33:48 200.00 199.47 40.38
10:33:48 200.00 199.22 64.62
10:33:48 200.00 200.11 88.46
10:33:48 200.00 199.65 112.69
10:33:48 200.00 200.40 136.15
10:33:48 200.00 198.79 160.00
10:33:49 200.00 198.76 -176.15
10:33:49 200.00 198.75 -151.54
10:33:49 200.00 200.85 -127.31
10:33:49 200.00 201.21 -103.08
10:33:49 200.00 201.44 -79.23
10:33:49 200.00 200.54 -55.38
10:33:49 200.00 199.94 -31.15
10:33:49 200.00 200.60 -6.92
10:33:49 200.00 201.03 17.31
10:33:49 200.00 201.33 41.92
10:33:49 200.00 202.58 65.77
10:33:49 200.00 201.31 89.62
10:33:49 200.00 200.45 113.46
10:33:49 200.00 199.88 137.31
10:33:49 200.00 199.50 161.54
10:33:49 200.00 200.30 -174.23
10:33:49 200.00 200.83 -150.38
10:33:49 200.00 200.14 -126.54
10:33:49 200.00 199.67 -102.69
10:33:49 200.00 199.35 -78.46
10:33:49 200.00 200.20 -54.62
10:33:49 200.00 199.71 -30.00
10:33:49 200.00 201.50 -6.15
10:33:49 200.00 200.58 17.69
10:33:49 200.00 199.97 41.15
10:33:49 200.00 198.50 65.00
10:33:49 200.00 198.57 88.85
10:33:49 200.00 198.62 113.08
10:33:49 200.00 199.71 136.92
10:33:49 200.00 199.38 160.38
10:33:49 200.00 198.11 -175.77
10:33:49 200.00 198.31 -151.92
10:33:49 200.00 198.44 -127.69
10:33:49 200.00 199.59 -103.46
10:33:49 200.00 200.36 -79.23
10:33:49 200.00 200.88 -55.38
10:33:49 200.00 200.16 -31.54
10:33:49 200.00 199.69 -7.69
10:33:49 200.00 199.37 16.92
10:33:49 200.00 201.27 41.15
10:33:49 200.00 201.48 65.38
10:33:49 200.00 201.63 89.23
10:33:49 200.00 200.67 112.69
10:33:49 200.00 198.97 136.15
10:33:49 200.00 197.83 160.38
10:33:49 200.00 199.18 -175.77
10:33:49 200.00 199.03 -151.54
10:33:49 200.00 199.98 -127.31
10:33:49 200.00 200.62 -103.08
10:33:50 200.00 201.05 -79.23
10:33:50 200.00 200.28 -55.00
10:33:50 200.00 200.82 -30.77
10:33:50 200.00 201.19 -6.54
10:33:50 200.00 201.43 17.69
10:33:50 200.00 201.59 41.54
10:33:50 200.00 200.64 65.38
10:33:50 200.00 200.01 89.23
10:33:50 200.00 199.58 113.46
10:33:50 200.00 200.35 137.69
10:33:50 200.00 200.87 161.92
10:33:50 200.00 201.22 -174.23
10:33:50 200.00 200.39 -150.77
10:33:50 200.00 198.78 -126.92
10:33:50 200.00 198.76 -102.69
10:33:50 200.00 199.80 -78.46
10:33:50 200.00 200.50 -54.23
10:33:50 200.00 200.97 -30.00
10:33:50 200.00 201.29 -6.15
10:33:50 200.00 200.44 17.69
10:33:50 200.00 199.87 41.92
10:33:50 200.00 200.55 66.15
10:33:50 200.00 201.00 90.38
10:33:50 200.00 201.31 114.62
10:33:50 200.00 201.51 138.46
10:33:50 200.00 200.59 162.31
10:33:50 200.00 199.97 -173.85
10:33:50 200.00 199.56 -149.62
10:33:50 200.00 200.34 -125.38
10:33:50 200.00 200.86 -101.54
10:33:50 200.00 200.15 -77.69
10:33:50 200.00 199.68 -53.85
10:33:50 200.00 199.36 -30.00
10:33:50 200.00 199.15 -5.77
10:33:50 200.00 200.07 18.46
10:33:50 200.00 200.68 42.69
10:33:50 200.00 201.09 66.54
10:33:50 200.00 200.31 90.00
10:33:50 200.00 198.72 113.85
10:33:50 200.00 198.72 138.08
10:33:50 200.00 199.78 162.31
10:33:50 200.00 200.49 -173.08
10:33:50 200.00 202.02 -149.23
10:33:50 200.00 200.93 -125.38
10:33:50 200.00 200.20 -101.54
10:33:50 200.00 199.71 -77.69
10:33:50 200.00 199.38 -53.46
10:33:50 200.00 200.22 -29.23
10:33:50 200.00 200.78 -5.38
10:33:50 200.00 200.10 18.46
10:33:51 200.00 199.64 41.92
10:33:51 200.00 198.28 65.77
10:33:51 200.00 198.43 90.00
10:33:51 200.00 199.58 114.23
10:33:51 200.00 200.35 138.46
10:33:51 200.00 200.87 162.31
10:33:51 200.00 200.16 -173.85
10:33:51 200.00 199.68 -150.00
10:33:51 200.00 199.37 -125.77
10:33:51 200.00 200.21 -101.54
10:33:51 200.00 200.77 -77.31
10:33:51 200.00 201.15 -53.08
10:33:51 200.00 201.41 -29.62
10:33:51 200.00 199.46 -5.38
10:33:51 200.00 200.27 18.08
10:33:51 200.00 198.70 42.31
10:33:51 200.00 199.77 66.54
10:33:51 200.00 200.48 90.77
10:33:51 200.00 200.95 114.62
10:33:51 200.00 200.22 138.46
10:33:51 200.00 199.72 162.69
10:33:51 200.00 200.45 -172.69
10:33:51 200.00 201.99 -148.46
10:33:51 200.00 201.97 -124.23
10:33:51 200.00 201.95 -100.38
10:33:51 200.00 200.89 -76.54
10:33:51 200.00 200.17 -52.69
10:33:51 200.00 199.69 -28.46
10:33:51 200.00 200.43 -4.23
10:33:51 200.00 200.92 20.00
10:33:51 200.00 201.25 43.85
10:33:51 200.00 200.42 67.31
10:33:51 200.00 198.80 91.15
10:33:51 200.00 198.77 115.38
10:33:51 200.00 199.81 139.62
10:33:51 200.00 200.51 164.23
10:33:51 200.00 202.03 -171.92
10:33:51 200.00 200.94 -148.08
10:33:51 200.00 200.21 -124.23
10:33:51 200.00 199.71 -100.00
10:33:51 200.00 200.44 -75.77
10:33:51 200.00 200.93 -51.54
10:33:51 200.00 201.26 -27.69
10:33:51 200.00 200.42 -4.23
10:33:51 200.00 198.80 19.62
10:33:51 200.00 198.77 43.46
10:33:51 200.00 198.76 67.69
10:33:51 200.00 199.80 91.92
10:33:51 200.00 200.50 116.15
10:33:51 200.00 200.97 140.00
10:33:51 200.00 200.23 163.85
10:33:52 200.00 199.73 -172.31
10:33:52 200.00 199.40 -148.08
10:33:52 200.00 200.23 -123.46
10:33:52 200.00 201.85 -99.23
10:33:52 200.00 201.87 -75.38
10:33:52 200.00 200.83 -51.92
10:33:52 200.00 199.08 -28.08
10:33:52 200.00 198.96 -4.23
10:33:52 200.00 198.88 20.00
10:33:52 200.00 199.88 43.85
10:33:52 200.00 199.50 67.69
10:33:52 200.00 199.24 91.15
10:33:52 200.00 198.01 115.00
10:33:52 200.00 198.24 139.23
10:33:52 200.00 199.46 163.46
10:33:52 200.00 200.27 -172.31
10:33:52 200.00 200.82 -148.46
10:33:52 200.00 200.12 -125.00
10:33:52 200.00 198.60 -101.15
10:33:52 200.00 198.64 -76.92
10:33:52 200.00 199.72 -52.69
10:33:52 200.00 200.45 -28.08
10:33:52 200.00 201.99 -3.85
10:33:52 200.00 201.97 20.00
10:33:52 200.00 200.90 43.85
10:33:52 200.00 200.18 67.69
10:33:52 200.00 199.70 91.92
10:33:52 200.00 200.43 116.15
10:33:52 200.00 200.92 140.00
10:33:52 200.00 200.20 164.23
10:33:52 200.00 200.77 -172.31
10:33:52 200.00 199.03 -148.08
10:33:52 200.00 199.99 -124.23
10:33:52 200.00 199.57 -100.00
10:33:52 200.00 200.34 -75.77
10:33:52 200.00 200.87 -51.92
10:33:52 200.00 200.16 -28.08
10:33:52 200.00 199.68 -4.23
10:33:52 200.00 199.36 20.00
10:33:52 200.00 200.21 44.23
10:33:52 200.00 200.77 68.46
10:33:52 200.00 201.15 92.31
10:33:52 200.00 200.35 116.15
10:33:52 200.00 199.81 140.00
10:33:52 200.00 199.45 163.85
10:33:52 200.00 199.21 -171.92
10:33:52 200.00 200.10 -148.08
10:33:52 200.00 199.65 -124.23
10:33:52 200.00 199.34 -100.38
10:33:52 200.00 199.13 -76.54
10:33:53 200.00 199.00 -52.69
10:33:53 200.00 198.91 -28.46
10:33:53 200.00 199.90 -4.23
10:33:53 200.00 200.57 19.62
10:33:53 200.00 199.96 43.46
10:33:53 200.00 199.55 67.31
10:33:53 200.00 199.27 91.15
10:33:53 200.00 199.09 115.39
10:33:53 200.00 200.03 139.62
10:33:53 200.00 200.65 163.85
10:33:53 200.00 201.07 -172.31
10:33:53 200.00 200.29 -148.85
10:33:53 200.00 198.72 -125.00
10:33:53 200.00 198.72 -100.77
10:33:53 200.00 199.78 -76.54
10:33:53 200.00 200.48 -52.31
10:33:53 200.00 200.96 -28.08
10:33:53 200.00 201.28 -4.23
10:33:53 200.00 200.43 20.00
10:33:53 200.00 200.92 44.23
10:33:53 200.00 201.25 68.46
10:33:53 200.00 201.47 92.69
10:33:53 200.00 201.62 116.92
10:33:53 200.00 201.72 140.77
10:33:53 200.00 200.73 164.62
10:33:53 200.00 200.07 -171.54
10:33:53 200.00 199.62 -147.31
10:33:53 200.00 200.38 -123.46
10:33:53 200.00 199.83 -99.23
10:33:53 200.00 200.52 -75.38
10:33:53 200.00 199.93 -51.54
10:33:53 200.00 199.53 -27.69
10:33:53 200.00 199.26 -3.85
10:33:53 200.00 199.08 20.39
10:33:53 200.00 200.02 44.62
10:33:53 200.00 200.65 68.46
10:33:53 200.00 200.01 92.31
10:33:53 200.00 199.58 115.77
10:33:53 200.00 198.24 140.00
10:33:53 200.00 199.46 164.23
10:33:53 200.00 200.27 -171.54
10:33:53 200.00 200.82 -147.31
10:33:53 200.00 201.18 -123.46
10:33:53 200.00 200.37 -99.61
10:33:53 200.00 199.82 -75.38
10:33:53 200.00 200.52 -51.15
10:33:53 200.00 200.98 -26.92
10:33:53 200.00 201.29 -2.69
10:33:53 200.00 201.50 21.15
10:33:53 200.00 200.58 45.00
10:33:54 200.00 199.97 69.23
10:33:54 200.00 200.61 93.08
10:33:54 200.00 199.99 117.31
10:33:54 200.00 200.63 141.54
10:33:54 200.00 201.05 165.39
10:33:54 200.00 200.28 -170.77
10:33:54 200.00 199.77 -146.92
10:33:54 200.00 199.42 -122.69
10:33:54 200.00 200.25 -98.85
10:33:54 200.00 199.74 -74.61
10:33:54 200.00 200.46 -50.77
10:33:54 200.00 199.89 -26.92
10:33:54 200.00 199.50 -3.08
10:33:54 200.00 199.24 20.77
10:33:54 200.00 199.07 45.00
10:33:54 200.00 200.01 69.23
10:33:54 200.00 200.64 93.08
10:33:54 200.00 200.01 116.54
10:33:54 200.00 198.52 140.39
10:33:54 200.00 198.59 164.62
10:33:54 200.00 199.69 -171.54
10:33:54 200.00 199.37 -146.92
10:33:54 200.00 201.27 -123.08
10:33:54 200.00 200.43 -98.85
10:33:54 200.00 200.92 -75.38
10:33:54 200.00 199.14 -51.15
10:33:54 200.00 200.06 -27.31
10:33:54 200.00 199.61 -3.08
10:33:54 200.00 200.38 20.77
10:33:54 200.00 199.83 44.62
10:33:54 200.00 199.46 68.08
10:33:54 200.00 198.16 91.92
10:33:54 200.00 198.34 116.15
10:33:54 200.00 199.52 140.39
10:33:54 200.00 200.32 164.62
10:33:54 200.00 200.85 -171.54
10:33:54 200.00 200.14 -147.69
10:33:54 200.00 199.67 -123.85
10:33:54 200.00 199.36 -99.61
10:33:54 200.00 200.20 -75.38
10:33:54 200.00 200.77 -51.15
10:33:54 200.00 201.15 -27.31
10:33:54 200.00 200.35 -3.46
10:33:54 200.00 199.81 20.39
10:33:54 200.00 199.45 44.62
10:33:54 200.00 200.27 68.46
10:33:54 200.00 199.76 92.69
10:33:54 200.00 200.47 116.92
10:33:54 200.00 200.95 140.77
10:33:55 200.00 200.21 164.23
10:33:55 200.00 198.66 -171.54
10:33:55 200.00 199.74 -147.31
10:33:55 200.00 200.46 -123.08
10:33:55 200.00 200.94 -98.85
10:33:55 200.00 201.27 -74.61
10:33:55 200.00 201.48 -50.77
10:33:55 200.00 200.57 -26.92
10:33:55 200.00 199.96 -2.69
10:33:55 200.00 200.61 21.92
10:33:55 200.00 202.10 46.15
10:33:55 200.00 202.04 70.00
10:33:55 200.00 200.94 93.85
10:33:55 200.00 200.21 117.69
10:33:55 200.00 199.72 141.54
10:33:55 200.00 199.39 165.77
10:33:55 200.00 200.22 -170.38
10:33:55 200.00 199.73 -146.54
10:33:55 200.00 199.39 -122.69
10:33:55 200.00 199.17 -99.23
10:33:55 200.00 197.96 -75.38
10:33:55 200.00 198.21 -51.15
10:33:55 200.00 199.44 -26.92
10:33:55 200.00 200.26 -3.08
10:33:55 200.00 199.75 20.77
10:33:55 200.00 199.41 44.62
10:33:55 200.00 199.18 68.85
10:33:55 200.00 200.09 92.69
10:33:55 200.00 199.63 116.92
10:33:55 200.00 200.39 141.15
10:33:55 200.00 200.90 165.00
10:33:55 200.00 200.18 -171.15
10:33:55 200.00 199.70 -147.31
10:33:55 200.00 199.37 -123.08
10:33:55 200.00 200.21 -98.85
10:33:55 200.00 200.78 -75.00
10:33:55 200.00 200.10 -50.77
10:33:55 200.00 200.70 -26.92
10:33:55 200.00 200.05 -3.08
10:33:55 200.00 199.61 20.77
10:33:55 200.00 199.31 45.00
10:33:55 200.00 200.18 69.23
10:33:55 200.00 200.75 93.08
10:33:55 200.00 200.08 116.92
10:33:55 200.00 199.63 140.77
10:33:55 200.00 199.33 164.62
10:33:55 200.00 199.13 -171.15
10:33:55 200.00 200.05 -146.92
10:33:55 200.00 200.67 -122.69
10:33:55 200.00 201.08 -98.85
10:33:56 200.00 200.30 -75.00
10:33:56 200.00 199.78 -50.77
10:33:56 200.00 200.49 -26.92
10:33:56 200.00 199.90 -2.69
10:33:56 200.00 200.57 21.54
10:33:56 200.00 201.02 45.39
10:33:56 200.00 200.26 69.23
10:33:56 200.00 199.75 93.08
10:33:56 200.00 199.41 116.92
10:33:56 200.00 199.18 141.15
10:33:56 200.00 200.09 165.39
10:33:56 200.00 200.69 -170.77
10:33:56 200.00 200.04 -147.31
10:33:56 200.00 198.55 -123.46
10:33:56 200.00 198.60 -99.23
10:33:56 200.00 199.70 -75.38
10:33:56 200.00 199.38 -51.15
10:33:56 200.00 200.22 -26.92
10:33:56 200.00 200.78 -3.08
10:33:56 200.00 200.10 20.77
10:33:56 200.00 199.64 45.00
10:33:56 200.00 200.40 69.23
10:33:56 200.00 200.90 93.46
10:33:56 200.00 201.24 117.69
10:33:56 200.00 201.46 141.92
10:33:56 200.00 201.62 165.77
10:33:56 200.00 200.66 -170.38
10:33:56 200.00 200.02 -146.15
10:33:56 200.00 200.65 -121.92
10:33:56 200.00 201.07 -97.69
10:33:56 200.00 201.35 -73.46
10:33:56 200.00 201.54 -50.00
10:33:56 200.00 199.55 -26.15
10:33:56 200.00 199.28 -2.31
10:33:56 200.00 199.09 21.92
10:33:56 200.00 200.03 46.15
10:33:56 200.00 200.65 69.62
10:33:56 200.00 198.96 93.46
10:33:56 200.00 198.88 117.31
10:33:56 200.00 198.82 141.15
10:33:56 200.00 198.79 165.39
10:33:56 200.00 199.82 -170.38
10:33:56 200.00 200.52 -146.15
10:33:56 200.00 200.98 -121.92
10:33:56 200.00 201.29 -98.08
10:33:56 200.00 200.44 -73.85
10:33:56 200.00 200.93 -49.61
10:33:56 200.00 201.26 -25.38
10:33:56 200.00 201.48 -1.15
10:33:56 200.00 201.62 22.69
10:33:56 200.00 200.67 46.54
10:33:57 200.00 200.02 70.39
10:33:57 200.00 199.59 94.62
10:33:57 200.00 200.36 118.85
10:33:57 200.00 200.88 143.08
10:33:57 200.00 201.22 166.92
10:33:57 200.00 200.40 -169.23
10:33:57 200.00 199.84 -145.38
10:33:57 200.00 199.47 -121.54
10:33:57 200.00 199.22 -97.31
10:33:57 200.00 200.11 -73.08
10:33:57 200.00 200.71 -49.23
10:33:57 200.00 200.05 -25.77
10:33:57 200.00 198.55 -1.92
10:33:57 200.00 198.61 22.31
10:33:57 200.00 199.70 46.54
10:33:57 200.00 200.44 70.77
10:33:57 200.00 200.93 95.00
10:33:57 200.00 201.26 118.85
10:33:57 200.00 200.42 142.69
10:33:57 200.00 199.86 166.92
10:33:57 200.00 200.54 -168.85
10:33:57 200.00 201.00 -144.61
10:33:57 200.00 201.30 -120.38
10:33:57 200.00 201.51 -96.54
10:33:57 200.00 200.59 -73.08
10:33:57 200.00 198.91 -48.85
10:33:57 200.00 199.91 -24.61
10:33:57 200.00 200.57 -0.38
10:33:57 200.00 201.02 23.85
10:33:57 200.00 201.32 47.69
10:33:57 200.00 200.46 71.54
10:33:57 200.00 199.88 95.77
10:33:57 200.00 200.56 120.00
10:33:57 200.00 201.01 144.23
10:33:57 200.00 201.31 168.46
10:33:57 200.00 201.51 -167.69
10:33:57 200.00 200.59 -143.85
10:33:57 200.00 199.97 -120.00
10:33:57 200.00 199.56 -96.15
10:33:57 200.00 199.28 -71.92
10:33:57 200.00 200.15 -47.69
10:33:57 200.00 200.74 -23.85
10:33:57 200.00 200.07 -0.38
10:33:57 200.00 198.57 23.46
10:33:57 200.00 198.62 47.69
10:33:57 200.00 199.71 71.54
10:33:57 200.00 199.38 96.15
10:33:57 200.00 201.28 120.39
10:33:57 200.00 201.49 144.23
10:33:58 200.00 200.58 167.69
10:33:58 200.00 198.90 -168.46
10:33:58 200.00 198.84 -144.23
10:33:58 200.00 199.86 -120.00
10:33:58 200.00 200.54 -95.77
10:33:58 200.00 201.00 -71.92
10:33:58 200.00 200.24 -48.08
10:33:58 200.00 199.74 -24.23
10:33:58 200.00 199.40 0.00
10:33:58 200.00 200.23 24.23
10:33:58 200.00 200.79 48.46
10:33:58 200.00 201.17 72.31
10:33:58 200.00 200.36 96.15
10:33:58 200.00 199.82 120.00
10:33:58 200.00 199.45 144.23
10:33:58 200.00 200.27 168.46
10:33:58 200.00 200.81 -167.31
10:33:58 200.00 201.18 -143.46
10:33:58 200.00 200.37 -119.61
10:33:58 200.00 199.82 -95.77
10:33:58 200.00 199.46 -71.92
10:33:58 200.00 199.21 -47.69
10:33:58 200.00 200.11 -23.85
10:33:58 200.00 199.65 0.39
10:33:58 200.00 200.40 24.23
10:33:58 200.00 199.84 47.69
10:33:58 200.00 198.42 71.54
10:33:58 200.00 198.52 95.77
10:33:58 200.00 199.64 120.00
10:33:58 200.00 200.39 144.23
10:33:58 200.00 200.90 168.08
10:33:58 200.00 200.18 -168.08
10:33:58 200.00 199.70 -143.85
10:33:58 200.00 200.43 -119.61
10:33:58 200.00 200.92 -95.38
10:33:58 200.00 201.25 -71.15
10:33:58 200.00 201.47 -46.92
10:33:58 200.00 201.62 -23.08
10:33:58 200.00 200.66 0.77
10:33:58 200.00 200.02 24.62
10:33:58 200.00 199.59 48.85
10:33:58 200.00 200.36 73.08
10:33:58 200.00 200.88 97.31
10:33:58 200.00 201.22 121.15
10:33:58 200.00 200.40 145.00
10:33:58 200.00 199.84 168.85
10:33:58 200.00 199.47 -166.92
10:33:58 200.00 200.28 -143.08
10:33:58 200.00 199.76 -118.85
10:33:58 200.00 200.48 -95.00
10:33:59 200.00 199.90 -71.54
10:33:59 200.00 198.45 -47.31
10:33:59 200.00 199.60 -23.46
10:33:59 200.00 199.31 0.77
10:33:59 200.00 200.17 25.00
10:33:59 200.00 200.75 49.23
10:33:59 200.00 201.14 73.08
10:33:59 200.00 200.34 96.92
10:33:59 200.00 199.80 121.15
10:33:59 200.00 200.50 145.39
10:33:59 200.00 200.97 169.62
10:33:59 200.00 201.29 -166.54
10:33:59 200.00 200.44 -142.69
10:33:59 200.00 199.87 -118.85
10:33:59 200.00 199.49 -94.61
10:33:59 200.00 200.29 -70.38
10:33:59 200.00 200.83 -46.15
10:33:59 200.00 201.19 -21.92
10:33:59 200.00 201.43 1.92
10:33:59 200.00 200.54 25.39
10:33:59 200.00 198.88 49.62
10:33:59 200.00 199.88 73.85
10:33:59 200.00 200.56 98.08
10:33:59 200.00 201.01 122.31
10:33:59 200.00 201.31 146.15
10:33:59 200.00 200.45 170.00
10:33:59 200.00 199.88 -165.77
10:33:59 200.00 200.56 -141.54
10:33:59 200.00 201.01 -117.31
10:33:59 200.00 201.31 -93.08
10:33:59 200.00 201.51 -69.23
10:33:59 200.00 200.59 -45.77
10:33:59 200.00 198.91 -21.92
10:33:59 200.00 198.85 2.31
10:33:59 200.00 199.86 26.54
10:33:59 200.00 200.54 50.77
10:33:59 200.00 201.00 75.00
10:33:59 200.00 201.30 98.85
10:33:59 200.00 200.45 122.69
10:33:59 200.00 199.88 146.92
10:33:59 200.00 200.55 171.15
10:33:59 200.00 201.01 -164.61
10:33:59 200.00 201.31 -140.38
10:33:59 200.00 201.51 -116.54
10:33:59 200.00 200.59 -92.69
10:33:59 200.00 199.97 -68.85
10:33:59 200.00 199.56 -44.61
10:33:59 200.00 200.34 -20.77
10:33:59 200.00 199.80 3.46
10:33:59 200.00 200.50 27.31
