0.00
0.00
0.00
0.00
0.00
0.00
0.00
0.00
0.00
0.00
0.00
0.00
0.00
0.00
0.00
0.00
0.00
0.00
0.00
0.00
0.00
0.00
0.00
0.00
0.00
0.00
0.00
0.00
0.00
0.00
0.00
0.00
0.00
0.00
0.00
0.00
0.00
0.00
0.00
0.00
0.00
0.00
0.00
0.00
0.00
0.00
0.00
0.00
0.00
0.00
0.00
0.00
0.00
0.00
0.00
0.00
0.00
0.00
0.00
0.00
0.00
0.00
0.00
0.00
0.00
0.00
0.00
0.00
0.00
0.00
0.00
0.00
0.00
0.00
0.00
0.00
0.00
0.00
0.00
0.00
0.00
0.00
0.00
0.00
0.00
0.00
0.00
0.00
0.00
0.00
0.00
0.00
0.00
0.00
0.00
0.00
0.00
0.00
0.00
0.00
0.00
0.00
0.00
0.00
0.00
0.00
0.00
0.00
0.00
0.00
0.00
0.00
0.00
0.00
0.00
0.00
0.00
0.00
0.00
0.00
0.00
0.00
0.00
0.00
0.00
0.00
0.00
0.00
0.00
0.00
0.00
0.00
0.00
0.00
0.00
0.00
0.00
0.00
0.00
0.00
0.00
0.00
0.00
0.00
0.00
0.00
0.00
0.00
0.00
0.00
0.00
0.00
0.00
0.00
0.00
0.00
0.00
0.00
0.00
0.00
0.00
0.00
0.00
0.00
0.00
0.00
0.00
0.00
0.00
0.00
0.00
0.00
0.00
0.00
0.00
0.00
0.00
0.00
0.00
0.00
0.00
0.00
0.00
0.00
0.00
0.00
0.00
0.00
0.00
0.00
0.00
0.00
0.00
0.00
0.00
0.00
0.00
0.00
0.00
0.00
0.00
0.00
0.00
0.00
0.00
0.00
0.00
0.00
0.00
0.00
0.00
0.00
0.00
0.00
0.00
0.00
0.00
0.00
0.00
0.00
0.00
0.00
0.00
0.00
0.00
0.00
0.00
0.00
0.00
0.00
0.00
0.00
0.00
0.00
0.00
0.00
0.00
0.00
0.00
0.00
0.00
0.00
0.00
0.00
0.00
0.00
0.00
0.00
0.00
0.00
0.00
0.00
0.00
0.00
0.00
0.00
0.00
0.00
0.00
0.00
0.00
0.00
0.00
0.00
0.00
0.00
0.00
0.00
0.00
0.00
0.00
0.00
0.00
0.00
0.00
0.00
0.00
0.00
0.00
0.00
0.00
0.00
0.00
0.00
0.00
0.00
0.00
0.00
0.00
0.00
0.00
0.00
0.00
0.00
0.00
0.00
0.00
0.00
0.00
0.00
0.00
0.00
0.00
0.00
0.00
0.00
0.00
0.00
0.00
0.00
0.00
0.00
0.00
0.00
0.00
0.00
0.00
0.00
0.00
0.00
0.00
0.00
0.00
0.00
0.00
0.00
0.00
0.00
0.00
0.00
0.00
0.00
0.00
0.00
0.00
0.00
0.00
0.00
0.00
0.00
0.00
0.00
0.00
0.00
0.00
0.00
0.00
0.00
0.00
0.00
0.00
0.00
0.00
0.00
0.00
0.00
0.00
0.00
0.00
0.00
0.00
6.35
19.06
36.04
49.53
58.57
62.51
65.15
64.81
62.46
60.89
57.72
57.71
57.70
57.70
59.81
61.23
62.18
64.93
64.66
66.59
65.77
67.33
68.38
66.97
68.14
71.04
70.86
70.75
72.79
72.04
73.65
72.61
74.04
74.99
75.63
73.94
77.04
77.00
76.98
76.96
76.95
79.05
78.35
80.00
81.10
81.83
80.21
81.24
81.93
82.40
82.70
82.91
83.05
83.14
85.32
84.67
84.23
86.05
85.15
86.67
85.57
86.95
85.75
87.07
87.95
86.43
87.52
88.26
88.75
89.08
89.30
89.44
89.54
89.61
89.65
89.68
89.70
89.72
89.73
89.73
91.85
91.16
92.80
91.79
91.12
92.78
91.78
93.22
92.07
93.42
92.21
93.51
92.27
93.55
92.29
93.57
94.42
92.88
93.96
94.68
95.17
95.49
93.60
94.44
95.01
95.38
95.64
93.69
94.51
95.05
95.41
95.66
95.82
95.93
96.00
96.05
96.09
96.11
96.12
96.13
96.14
96.14
96.15
96.15
96.15
98.27
97.57
97.10
96.79
96.58
96.44
96.35
96.28
98.36
97.63
97.14
98.93
98.01
97.40
96.99
96.71
98.64
97.82
97.27
96.90
98.77
97.91
97.33
99.06
98.10
97.46
99.14
98.16
99.61
100.59
99.12
100.26
101.02
101.53
101.87
102.10
102.25
102.36
102.42
102.47
102.50
100.41
101.12
101.60
101.92
100.01
100.86
99.30
100.38
98.99
98.05
99.54
98.42
99.79
98.59
99.90
100.78
101.37
101.76
102.03
102.20
104.44
103.82
103.41
103.13
102.94
102.82
100.62
101.26
101.69
101.98
102.17
100.19
100.97
101.50
99.73
100.67
99.18
100.30
98.93
98.01
99.51
100.52
99.08
100.23
101.00
99.40
100.44
101.14
101.61
101.93
100.02
100.86
99.31
100.38
98.99
100.17
98.84
100.07
100.89
101.44
101.81
99.95
100.81
101.39
101.78
102.04
102.21
102.33
102.41
102.46
100.38
101.10
101.58
99.79
100.71
99.20
100.31
98.94
100.14
98.82
97.94
99.47
100.49
99.06
100.22
100.99
101.51
101.86
102.09
102.25
102.35
102.42
102.47
102.50
102.52
102.54
100.43
101.13
101.61
101.92
100.02
100.86
99.31
100.38
98.99
100.17
98.84
97.96
99.48
100.50
101.18
101.64
99.83
100.73
101.34
101.74
102.01
102.19
102.32
102.40
102.45
100.37
101.10
101.58
99.79
100.71
99.20
100.31
98.94
98.02
99.52
98.41
99.78
98.58
99.90
100.78
101.37
101.76
102.03
102.20
102.32
104.52
103.87
103.44
103.15
100.84
101.41
101.79
102.05
102.22
100.22
100.99
99.39
100.44
99.03
100.19
98.86
100.08
98.79
100.03
98.75
100.01
100.85
101.42
101.80
102.05
104.33
103.75
103.36
103.10
102.92
102.80
102.72
102.67
102.64
100.50
101.18
101.64
101.94
102.15
102.29
100.26
101.02
99.42
100.45
99.04
100.20
98.86
97.97
99.49
98.39
97.65
99.27
100.36
101.09
99.46
100.48
101.17
101.63
101.94
102.14
102.28
102.38
100.32
101.06
101.56
99.77
100.70
99.20
100.31
98.94
100.13
98.82
97.94
99.47
100.49
99.06
100.22
100.99
101.51
101.86
102.09
102.25
102.35
102.42
102.47
102.50
102.52
100.42
101.13
101.60
101.92
100.02
100.86
99.31
100.38
98.99
98.05
99.54
98.42
99.79
100.71
101.32
99.61
100.59
101.24
101.68
101.97
102.17
102.30
102.39
102.44
100.37
101.09
101.58
101.90
100.01
100.85
99.30
98.26
99.68
98.52
97.74
99.33
98.28
99.70
100.64
101.28
99.59
102.68
102.64
100.50
101.18
101.64
99.83
100.73
99.22
98.21
99.65
98.49
97.72
97.20
98.97
98.04
99.53
98.42
99.79
100.70
99.20
100.31
101.05
101.55
101.89
102.11
102.26
100.24
101.01
101.52
99.75
100.68
101.30
99.60
98.46
99.82
98.61
97.80
99.37
98.31
99.71
98.54
99.87
100.76
101.35
101.75
104.14
103.62
103.27
103.04
102.88
102.78
102.71
102.66
102.63
102.61
102.59
102.58
102.58
100.46
101.15
101.62
101.93
102.14
100.16
100.96
101.49
99.73
100.66
99.18
98.18
99.63
98.48
99.83
98.62
99.92
100.79
99.26
100.35
101.08
101.57
101.90
102.12
102.27
102.36
102.43
102.47
102.50
100.41
101.12
101.60
99.80
100.71
99.21
100.32
98.94
100.14
98.82
100.06
98.77
100.02
100.86
101.42
101.80
102.05
102.22
102.33
102.41
104.58
101.80
102.05
102.22
102.33
102.41
102.46
102.49
102.52
102.53
102.54
102.55
100.44
101.14
101.61
101.93
102.14
100.16
100.95
99.37
100.42
99.02
98.07
99.55
98.43
97.68
99.29
100.37
98.98
100.16
100.96
101.49
101.84
102.08
102.24
102.35
102.42
102.47
102.50
102.52
102.53
102.54
102.55
102.56
102.56
100.44
101.14
101.61
101.93
100.02
100.86
101.42
99.68
100.63
99.16
98.17
99.62
98.47
97.71
99.31
98.27
99.69
100.64
101.27
101.70
101.98
102.18
102.30
102.39
102.45
102.49
102.51
100.41
101.12
101.60
101.92
100.02
100.86
101.42
99.68
100.63
99.16
98.16
99.62
98.47
97.71
99.31
100.38
98.99
100.17
100.96
101.49
101.84
102.08
102.24
102.35
102.42
102.47
102.50
102.52
102.53
102.54
100.44
101.14
101.61
101.92
102.14
100.16
100.95
99.37
100.42
99.01
100.19
98.86
100.08
98.78
100.03
98.75
100.01
100.85
101.42
101.80
102.05
102.22
102.33
102.41
104.58
103.91
103.47
103.17
100.85
101.42
101.80
102.05
100.10
100.92
101.46
99.71
100.65
99.17
100.29
98.92
100.13
98.81
100.05
98.77
100.02
100.86
101.42
101.80
102.05
102.22
102.33
102.41
102.46
102.49
102.52
102.53
102.54
102.55
102.55
102.56
102.56
102.56
102.56
102.56
100.45
101.15
101.61
101.93
102.14
100.16
100.96
99.37
100.42
98.07
99.55
99.80
98.59
98.67
99.95
100.81
101.39
101.78
104.15
103.63
103.28
103.04
102.88
102.78
102.71
102.66
102.63
102.61
102.59
102.58
102.58
102.57
102.57
100.45
101.15
101.62
101.93
102.14
100.16
100.96
99.37
100.42
101.13
99.49
98.39
99.77
98.57
99.89
98.66
99.95
98.70
99.97
100.83
101.40
101.78
102.04
104.33
103.75
103.36
103.10
102.92
102.80
102.72
102.67
102.64
102.61
100.48
101.17
101.63
101.94
102.14
102.28
100.26
101.02
99.41
100.45
99.03
100.20
98.86
97.97
97.37
99.08
98.12
99.58
98.45
99.81
100.72
101.33
101.74
102.01
102.19
104.43
103.81
103.40
103.13
102.94
100.70
101.32
101.73
102.00
102.19
100.20
100.98
99.39
100.43
99.02
100.19
98.86
100.08
98.79
100.03
98.75
100.01
100.85
101.42
101.80
104.16
103.64
103.28
103.05
102.89
102.78
102.71
102.66
102.63
102.61
102.59
102.58
100.46
101.16
101.62
101.93
102.14
100.16
100.96
101.49
99.73
100.66
99.18
98.18
99.63
98.48
99.83
98.62
99.92
100.79
99.26
100.35
94.74
80.40
64.44
49.52
41.64
36.36
32.82
32.57
34.51
37.93
38.11
38.22
38.30
38.35
38.39
36.30
34.90
33.96
33.33
32.91
30.51
31.02
29.24
28.05
27.26
28.84
27.78
27.08
26.60
26.29
26.07
25.93
25.83
23.66
22.20
21.22
22.68
21.54
20.78
20.27
22.04
21.11
18.38
18.66
16.73
17.56
18.11
20.59
18.03
16.31
15.16
14.39
15.99
14.94
16.36
15.19
16.52
15.30
14.48
13.93
11.45
9.79
8.67
10.04
10.96
11.57
11.98
14.38
13.86
13.52
11.17
9.60
8.55
7.84
7.37
7.05
6.84
8.81
10.14
11.02
9.50
10.60
9.21
10.40
9.09
8.20
5.50
5.80
8.12
7.55
7.18
4.81
5.34
3.58
2.40
1.61
1.08
0.72
0.48
0.32
0.22
0.15
0.10
0.07
0.04
0.03
0.02
0.01
0.01
0.01
0.00
0.00
0.00
0.00
0.00
0.00
0.00
0.00
0.00
0.00
0.00
0.00
0.00
0.00
0.00
0.00
0.00
0.00
0.00
0.00
0.00
0.00
0.00
0.00
0.00
0.00
0.00
0.00
0.00
0.00
0.00
0.00
0.00
0.00
0.00
0.00
0.00
0.00
0.00
0.00
0.00
0.00
0.00
0.00
0.00
0.00
0.00
0.00
0.00
0.00
0.00
0.00
0.00
0.00
0.00
0.00
0.00
0.00
0.00
0.00
0.00
0.00
0.00
0.00
0.00
0.00
0.00
0.00
0.00
0.00
0.00
0.00
0.00
0.00
0.00
0.00
0.00
0.00
0.00
0.00
0.00
0.00
0.00
0.00
0.00
0.00
0.00
0.00
0.00
0.00
0.00
0.00
0.00
0.00
0.00
0.00
0.00
0.00
0.00
0.00
0.00
0.00
0.00
0.00
0.00
0.00
0.00
0.00
0.00
0.00
0.00
0.00
0.00
0.00
0.00
0.00
0.00
0.00
0.00
0.00
0.00
0.00
0.00
0.00
0.00
0.00
0.00
0.00
0.00
0.00
0.00
0.00
0.00
0.00
0.00
0.00
0.00
0.00
0.00
0.00
0.00
0.00
0.00
0.00
0.00
0.00
0.00
0.00
0.00
0.00
0.00
0.00
0.00
0.00
0.00
0.00
0.00
0.00
0.00
0.00
0.00
0.00
0.00
0.00
0.00
0.00
0.00
0.00
0.00
0.00
0.00
0.00
0.00
0.00
0.00
0.00
0.00
0.00
0.00
0.00
0.00
0.00
0.00
0.00
0.00
0.00
0.00
0.00
0.00
0.00
0.00
0.00
0.00
0.00
0.00
0.00
0.00
0.00
0.00
0.00
0.00
0.00
0.00
0.00
0.00
0.00
0.00
0.00
0.00
0.00
0.00
